0.0,
0.0,
0.0,
0.0,
0.0,
0.0,
0.0,
0.0,
0.0,
0.0,
0.0,
0.0,
0.0,
0.0,
0.0,
0.0,
0.0,
0.0,
0.0,
0.0,
0.0,
0.0,
0.0,
0.0,
0.0,
0.0,
0.0,
0.0,
0.0,
0.0,
0.0,
0.0,
0.0,
0.0,
0.0,
0.0,
0.0,
0.0,
0.0,
0.0,
1.036032259982278e-09,
5.109089817878498e-10,
0.0,
0.0,
0.0,
0.0,
0.0,
0.0,
4.4663234222142023e-10,
0.0,
0.0,
1.0968583818993238e-09,
0.0,
0.0,
0.0,
6.762103099688943e-10,
0.0,
0.0,
0.0,
0.0,
3.211248766898933e-10,
0.0,
0.0,
0.0,
0.0,
0.0,
0.0,
0.0,
0.0,
0.0,
0.0,
0.0,
0.0,
0.0,
0.0,
0.0,
0.0,
0.0,
0.0,
0.0,
0.0,
0.0,
0.0,
0.0,
4.2046516268712253e-10,
0.0,
0.0,
0.0,
0.0,
0.0,
0.0,
0.0,
0.0,
0.0,
0.0,
0.0,
0.0,
1.4693797567577604e-10,
0.0,
0.0,
0.0,
0.0,
1.2106655955523848e-10,
0.0,
0.0,
0.0,
0.0,
0.0,
0.0,
0.0,
9.73876326804124e-11,
9.122360505875449e-11,
0.0,
0.0,
0.0,
0.0,
0.0,
0.0,
1.1661490662007168e-09,
0.0,
5.574305461664153e-10,
0.0,
0.0,
0.0,
0.0,
0.0,
0.0,
1.6234165400863532e-10,
0.0,
0.0,
0.0,
1.515176178967792e-10,
0.0,
1.0861733734657264e-09,
1.7445024591555836e-10,
1.5725604152194705e-10,
1.5405367259635483e-10,
0.0,
4.4340309202084427e-10,
1.3925773034717537e-10,
0.0,
1.4463513720031074e-10,
4.968876421429513e-10,
1.5447551016123384e-09,
3.860999853166902e-10,
0.0,
5.712639250532447e-10,
6.382246814373715e-10,
0.0,
5.506884392936229e-10,
0.0,
1.137650945670643e-10,
0.0,
1.3978439239448193e-09,
8.869178932946475e-10,
1.0437787439920854e-10,
8.352709079950671e-10,
9.662008970678926e-10,
1.9297277664698242e-10,
1.8398028239774433e-10,
0.0,
1.688708950453588e-09,
2.333513049457281e-09,
1.55109636246209e-09,
2.6499589744766183e-09,
6.250615580682961e-09,
1.9703039200180683e-09,
4.405056042156019e-09,
9.982357163096367e-10,
1.116309669701998e-09,
1.2263046411664646e-09,
4.721657509421107e-10,
2.1717708742485797e-09,
1.110002534332466e-09,
1.9834887066139117e-09,
9.851904847479886e-10,
9.900359421166627e-10,
1.1563610347042896e-09,
9.37139227330519e-10,
3.6208814280236368e-09,
4.560710864520701e-09,
3.038448936898419e-09,
7.742680108169253e-10,
2.5930402824947407e-09,
1.3547485910869739e-09,
1.3158783507272176e-09,
1.047523956465568e-09,
5.02241845334872e-09,
1.4453291341531838e-10,
6.679403197207279e-09,
6.662292273418302e-09,
5.6899439604407576e-09,
1.947120975565042e-08,
7.182756833756798e-09,
3.3719408376597926e-09,
1.2011977079673386e-08,
9.330362482629084e-09,
4.512999307593191e-09,
1.3988976643730666e-09,
1.1510038477879903e-08,
1.7869550283933222e-09,
1.4482409854688072e-09,
6.643132544059682e-09,
2.8592769540924934e-09,
2.902338036570029e-09,
2.5501019906837286e-09,
3.1586902815572415e-09,
7.688296943531014e-10,
9.88866682982703e-10,
5.488625109961731e-10,
3.576269558269729e-10,
6.060161400478492e-10,
8.819018015859825e-10,
1.5186193413896376e-09,
8.952355246005794e-10,
1.8019143399605753e-09,
4.3126432286433314e-10,
1.0116716908648016e-09,
1.2517245573384628e-09,
7.955693326344715e-10