4.285942907245044e-07,
3.037947635675664e-07,
1.8503703813621541e-07,
2.1324190413452015e-07,
1.5601840175349935e-07,
1.8233325249639165e-07,
2.678129646938032e-07,
3.053826276300242e-07,
3.217404298538895e-07,
2.3347074318280647e-07,
2.3432777140897088e-07,
2.3065592813509284e-07,
1.8743810414889595e-07,
2.517179780170409e-07,
1.2797363524441607e-07,
1.9717302279786963e-07,
1.9824695129955217e-07,
2.1501791991340724e-07,
2.7445295813777193e-07,
1.850380613177549e-07,
2.722712793001847e-07,
4.110640645649255e-07,
3.47187096849666e-07,
3.477093741821591e-07,
2.9786019695166033e-07,
3.423658654355677e-07,
2.8808912588829116e-07,
3.1545027923129965e-07,
3.1109749443203327e-07,
2.803668337492127e-07,
2.737658348905825e-07,
3.2591276521998225e-07,
2.3858117970121384e-07,
3.602511640110606e-07,
2.8546529051709513e-07,
3.1948076184562524e-07,
2.5518775714772346e-07,
3.395500698388787e-07,
2.5570693651388865e-07,
2.8793468231924635e-07,
2.737553757015121e-07,
3.1201966521621216e-07,
3.639024725998752e-07,
3.3862511372717563e-07,
4.065699101829523e-07,
4.184710462595831e-07,
3.837421616026404e-07,
3.39390481940427e-07,
4.15782494656014e-07,
2.7027374471799703e-07,
4.2126859511881776e-07,
3.946809385979577e-07,
3.551108704868966e-07,
3.29298757151264e-07,
3.3345017413921596e-07,
3.1995361382541887e-07,
3.0707417408848414e-07,
4.051259168136312e-07,
3.4987164099220536e-07,
4.1746994838831597e-07,
4.4543412514030933e-07,
3.842730507130909e-07,
5.416622457232734e-07,
4.350788174178888e-07,
4.6855700475134654e-07,
4.758340423904883e-07,
4.705045455466461e-07,
4.0351099528379564e-07,
4.2815725009859307e-07,
5.159224656381411e-07,
4.761148488796607e-07,
5.35455001227092e-07,
5.098661972624541e-07,
5.005442744732136e-07,
5.356851602300594e-07,
4.5665251491300296e-07,
4.794956112164073e-07,
4.481560438307497e-07,
4.282279348899465e-07,
4.08388956429917e-07,
4.673038631608506e-07,
4.871672558692808e-07,
4.897709686702001e-07,
6.022209504408238e-07,
4.841215286432998e-07,
4.859492150899314e-07,
4.078931397089036e-07,
4.4957820932722825e-07,
4.532565185400017e-07,
4.464941696369351e-07,
4.611556789768656e-07,
4.6555601329600904e-07,
5.211933853388473e-07,
4.2656122900552873e-07,
4.222785037200083e-07,
4.522405845364119e-07,
4.852637403018889e-07,
4.993403308617417e-07,
5.059495151726878e-07,
6.038359288140782e-07,
5.49277501704637e-07,
4.703452418652887e-07,
4.286460750790866e-07,
3.659478124973248e-07,
3.751049462152878e-07,
3.6700785699395055e-07,
3.3215584949175536e-07,
3.319297547932365e-07,
2.9777120857943373e-07,
3.4058496112265857e-07,
3.4959708727910765e-07,
3.0550634733117477e-07,
3.148684868392593e-07,
3.1692343327449635e-07,
2.829692675732076e-07,
2.6263944619131507e-07,
2.632246776101965e-07,
2.6745252057480684e-07,
2.41439778392305e-07,
2.70361567800137e-07,
2.9992810368639766e-07,
2.7953745984632405e-07,
2.8559233555824903e-07,
3.589296113659657e-07,
3.20950221066596e-07,
3.805519668276247e-07,
3.4821695749087667e-07,
3.808781912084669e-07,
3.315736023523641e-07,
3.422627514737542e-07,
3.2661407090017747e-07,
3.207698000551318e-07,
3.233800498492201e-07,
2.7654863288262277e-07,
2.899534479183785e-07,
3.005529549682251e-07,
3.614771628690505e-07,
3.011818705545011e-07,
2.9369036269599746e-07,
2.484226229171327e-07,
2.417721702840936e-07,
2.358596589147055e-07,
2.9728445838372863e-07,
2.502462450593157e-07,
2.4266384457405366e-07,
2.3485796418754035e-07,
2.9644203891621146e-07,
2.670593062248372e-07,
2.74071084049865e-07,
2.527557398934732e-07,
2.7131915203426615e-07,
2.7734489549402497e-07,
2.9986966865180875e-07,
2.478945475559158e-07,
2.753604348981753e-07,
2.664546059349959e-07,
2.475447615779558e-07,
2.5971948502956366e-07,
2.527362710225134e-07,
2.481345404703461e-07,
2.577163513706182e-07,
2.5393697455911024e-07,
2.691910481189552e-07,
2.720021541335882e-07,
2.452701153288217e-07,
2.647253722898313e-07,
2.5401411107850436e-07,
2.644033259002754e-07,
2.793411226775788e-07,
2.582700915354508e-07,
2.719208112011984e-07,
2.2405278343740065e-07,
2.3872232191024523e-07,
2.284807862906746e-07,
2.3026191797725915e-07,
2.2125560406038858e-07,
2.37065918895496e-07,
2.269894281425877e-07,
2.5505190137664613e-07,
2.458344283695624e-07,
2.6109111672667495e-07,
2.5429602601434453e-07,
2.7314763428876176e-07,
2.853702198990504e-07,
2.968983494611166e-07,
2.880403542349086e-07,
3.2142420991476683e-07,
3.2390389037573186e-07,
3.482917634300975e-07,
3.276865925272432e-07,
3.387335993920715e-07,
3.625889917202585e-07,
3.753530677386152e-07,
3.897345095538185e-07,
3.906415599885804e-07,
3.85640902322848e-07,
3.864622328819678e-07,
4.1720829813129967e-07,
3.92105988566982e-07,
4.197032126285194e-07,
4.853059749621025e-07,
4.791056653630221e-07,
5.001966769668797e-07,
5.03260650930315e-07,
5.273863621368946e-07,
5.254042321212182e-07,
5.458650207401661e-07,
5.944982603978133e-07,
6.547364250764076e-07,
7.185026333900169e-07,
7.296494572983647e-07,
8.074187576312397e-07,
7.333080702665029e-07,
7.728006607976567e-07,
8.61197179347073e-07,
8.244686569014448e-07,
7.529263257310959e-07,
8.045462891459465e-07,
7.984227181623282e-07,
6.960875680306344e-07