1.9167689515597885e-06,
2.2440306111093378e-06,
1.627484834898496e-06,
2.3571874407934956e-06,
2.632810492286808e-06,
1.8841102473743376e-06,
2.203928715971415e-06,
2.026630227192072e-06,
2.035871602856787e-06,
3.0767462249059463e-06,
2.2334365894494113e-06,
1.5865832665440394e-06,
1.384255710945581e-06,
2.0564596070471453e-06,
1.4946664350645733e-06,
1.8012925693255966e-06,
1.6918883147809538e-06,
1.8196074051957112e-06,
2.090168663926306e-06,
2.244418510599644e-06,
1.8159415731133777e-06,
2.0239890545781236e-06,
2.2546118998434395e-06,
2.5526201170578133e-06,
2.097619699270581e-06,
2.379966872467776e-06,
2.5642882519605337e-06,
2.50858079198224e-06,
1.7744079059411888e-06,
2.477679799994803e-06,
2.174022938561393e-06,
2.4790995212242706e-06,
1.728606662254606e-06,
1.9053284177061869e-06,
1.9312799395265756e-06,
1.962780288522481e-06,
1.8579053175926674e-06,
2.1844000457349466e-06,
2.08260394174431e-06,
2.107492719005677e-06,
1.996517084990046e-06,
2.270156755912467e-06,
2.2598023861064576e-06,
2.0190523173369e-06,
2.103876795445103e-06,
2.440584466967266e-06,
2.2574688500753837e-06,
2.196220975747565e-06,
2.080781314361957e-06,
2.0553588910843246e-06,
2.3294921902561327e-06,
2.2984136194281746e-06,
2.2318567971524317e-06,
2.1871285298402654e-06,
1.9461010651866673e-06,
2.227641743957065e-06,
2.338695821890724e-06,
2.508881834728527e-06,
2.510108515707543e-06,
2.506211330910446e-06,
2.3424040591635276e-06,
2.410073420833214e-06,
2.4285236577270553e-06,
2.427304252705653e-06,
2.352274805161869e-06,
2.5398617253813427e-06,
3.257776143072988e-06,
2.5133724648185307e-06,
2.3277759737538872e-06,
2.6663219614420086e-06,
2.11741030398116e-06,
2.299601874256041e-06,
2.401913206995232e-06,
2.2759538751415676e-06,
2.154102048734785e-06,
2.2912890926818363e-06,
2.611557874843129e-06,
2.307544491486624e-06,
2.5528001970087644e-06,
1.997402932829573e-06,
2.165990053981659e-06,
2.3167112885857932e-06,
2.2034805624571163e-06,
2.3191030322777806e-06,
2.333770680706948e-06,
2.064717136818217e-06,
2.175504960177932e-06,
2.1026592094131047e-06,
2.4578653210483026e-06,
1.9986021015938604e-06,
2.029162260441808e-06,
2.0907491489197128e-06,
2.166662170566269e-06,
2.080570538964821e-06,
2.1544090031966334e-06,
2.1759458377346164e-06,
2.0077261524420464e-06,
1.9471026462269947e-06,
2.051363026112085e-06,
2.0926015622535488e-06,
2.2255881049204618e-06,
1.6861719132066355e-06,
1.932859731823555e-06,
1.7764849644663627e-06,
1.818905047912267e-06,
1.6708801240383764e-06,
1.8857124359783484e-06,
1.7426589238311863e-06,
1.6856625961736427e-06,
1.484954850639042e-06,
1.7850064750746242e-06,
1.888951487671875e-06,
1.8436785467201844e-06,
1.9625726963568013e-06,
1.826873813115526e-06,
1.7346513914162642e-06,
2.1374244170146994e-06,
2.2174822333909106e-06,
1.7088223103201017e-06,
2.2819526748207863e-06,
2.0478794340306194e-06,
2.0400095763761783e-06,
2.1447267499752343e-06,
2.3470097403333057e-06,
2.108117541865795e-06,
2.2567694486497203e-06,
2.533080760258599e-06,
2.299799916727352e-06,
2.2619149149250006e-06,
2.231206508440664e-06,
2.4957644200185314e-06,
2.2286237708613044e-06,
2.325787590962136e-06,
2.12871918847668e-06,
2.218997906311415e-06,
2.4401722384936875e-06,
2.081615548377158e-06,
2.1008811472711386e-06,
2.329300514247734e-06,
2.2402005015464965e-06,
2.6010536657850025e-06,
2.310937361471588e-06,
2.4812622996250866e-06,
2.2462577362603042e-06,
2.83957228930376e-06,
2.5421152258786606e-06,
2.70972668658942e-06,
2.8589024623215664e-06,
2.962490270874696e-06,
2.9629877644765656e-06,
3.286890887466143e-06,
2.9711934530496364e-06,
2.9206044018792454e-06,
3.198822923877742e-06,
2.8980616662011016e-06,
3.7794395666423952e-06,
3.6303638353274437e-06,
3.8464090721390676e-06,
3.885604655806674e-06,
4.297290161048295e-06,
4.1906341721187346e-06,
4.509880454861559e-06,
5.093600520922337e-06,
4.6665786612720694e-06,
4.761060608871048e-06,
4.97229530083132e-06,
5.091166713100392e-06,
5.004525064578047e-06,
4.901026841253042e-06,
4.758054274134338e-06,
5.030534794059349e-06,
4.598041869030567e-06,
5.038241397414822e-06,
5.087288627692033e-06,
4.99840643897187e-06,
5.164781214261893e-06,
5.366367986425757e-06,
5.1657775657076854e-06,
4.916262696497142e-06,
6.039313575456617e-06,
6.171346740302397e-06,
6.074601515138056e-06,
6.190739895828301e-06,
6.021410626999568e-06,
6.1984405874682125e-06,
5.582078756560804e-06,
6.477866008935962e-06,
5.63155435884255e-06,
5.2231612244213466e-06,
5.139253516972531e-06,
5.397876520873979e-06,
5.175226306164404e-06,
5.410141056927387e-06,
5.134214916324709e-06,
5.509816219273489e-06,
5.722128662455361e-06,
5.196927304496057e-06,
5.010095719626406e-06,
5.286456143949181e-06,
5.3078738346812315e-06,
5.767498350905953e-06,
5.6920798670034856e-06,
5.865883849764941e-06,
6.301371286099311e-06,
6.189601663209032e-06,
6.081025276216678e-06,
6.128903805802111e-06,
6.098720405134372e-06,
6.0974825828452595e-06,
6.9345378506113775e-06,
7.3115224950015545e-06,
8.382155101571698e-06,
8.760143828112632e-06,
8.016986612346955e-06,
7.82259212428471e-06,
7.712297701800708e-06,
7.567732154711848e-06,
7.3100204645015765e-06,
7.131481652322691e-06,
7.254091997310752e-06