0.0,
0.0,
0.0,
0.0,
9.75115010959371e-09,
0.0,
0.0,
0.0,
1.0906455294446005e-08,
1.809850713740957e-09,
4.393645891553888e-09,
0.0,
0.0,
0.0,
0.0,
0.0,
0.0,
0.0,
0.0,
0.0,
0.0,
0.0,
0.0,
0.0,
0.0,
0.0,
0.0,
0.0,
0.0,
8.294877007486434e-10,
0.0,
0.0,
0.0,
0.0,
0.0,
0.0,
0.0,
0.0,
0.0,
0.0,
0.0,
0.0,
0.0,
0.0,
0.0,
0.0,
0.0,
2.337400051288796e-09,
0.0,
0.0,
0.0,
0.0,
3.7617675641143933e-10,
3.3228936269225073e-10,
0.0,
0.0,
3.3781538677502e-10,
0.0,
0.0,
0.0,
3.3693958734204443e-10,
7.661267176217734e-09,
1.279517158891963e-09,
1.2808993865576213e-09,
0.0,
0.0,
0.0,
0.0,
1.2383434278007144e-09,
3.096773393274077e-10,
3.024872019530278e-10,
9.410456858205407e-10,
0.0,
0.0,
2.840324364594693e-10,
2.8666197193771836e-10,
2.7306126804127473e-10,
0.0,
5.616104248318265e-10,
5.366477817680959e-10,
0.0,
0.0,
1.4663801284342526e-09,
2.3020678419083396e-10,
2.209591676294309e-10,
1.3612022620179687e-09,
2.2485839579200473e-10,
2.135763510491273e-10,
8.126517792028665e-10,
9.656015986792e-10,
1.3540644161480486e-09,
5.67059676992443e-10,
9.159812908166032e-10,
7.082793240797969e-10,
3.58470725325688e-10,
7.865053608391293e-10,
1.6143171244209498e-09,
1.237139279908206e-09,
5.483342668810565e-09,
5.290856197603944e-09,
3.250932190113076e-09,
6.313358724696627e-10,
1.274973460141382e-09,
1.2649423730692888e-09,
1.9193089340063807e-09,
9.6422425599485e-10,
1.0041660836179744e-09,
4.5500234691076e-09,
3.4152971561951517e-09,
3.258147085460905e-09,
3.3841902613573893e-09,
4.611416581923322e-09,
5.595089724863556e-09,
3.5674374565530798e-09,
8.903942472215931e-09,
8.172799326189306e-09,
1.090931256442218e-08,
6.752818304534003e-09,
6.0248370736815104e-09,
7.480775998658373e-09,
1.3393139042250368e-08,
2.1340275324632785e-08,
1.7501479376846873e-08,
1.8677331681260512e-08,
1.7119969442092042e-08,
2.011802990864453e-08,
1.7531158746919573e-08,
3.350633903664857e-08,
2.4316470614849095e-08,
2.7117865286641063e-08,
3.310707796799761e-08,
3.576527518589501e-08,
3.717012120318941e-08,
4.2311370407333015e-08,
4.700955358316605e-08,
8.242035676175874e-08,
4.719150226151214e-08,
2.95677224926294e-08,
3.282238481006061e-08,
3.0045214316487545e-08,
3.8017454073724366e-08,
3.593471831209172e-08,
6.290720477863943e-08,
4.297157474297819e-08,
3.996134978478949e-08,
2.78970109235388e-08,
2.8683095010251236e-08,
3.479340549006338e-08,
3.179539831421607e-08,
2.861167125445263e-08,
2.3991058029082524e-08,
2.980529956175815e-08,
1.916594527529014e-08,
4.240145656808636e-08,
2.699157874985758e-08,
2.0200927153268822e-08,
2.4381073160384403e-08,
1.9712668830607072e-08,
2.5872239461932622e-08,
2.300335388838448e-08,
2.4264053877232072e-08,
2.099478990658099e-08,
2.6247114703892294e-08,
2.5050878704746538e-08,
1.8988144390164052e-08,
1.9566968489925785e-08,
1.802501969905279e-08,
2.7951207570708902e-08,
2.665680653990421e-08,
2.0558200475306876e-08,
2.1421811879918096e-08,
2.2628462659213255e-08,
2.1867693433819113e-08,
1.8845675242573634e-08,
1.5476107506628978e-08,
1.58257105198345e-08,
1.7102488314435504e-08,
2.150126121591711e-08,
2.1287437590444824e-08,
1.9858021005347837e-08,
2.517082364761336e-08,
2.141981170211693e-08,
2.0424911539862478e-08,
2.644145524755004e-08,
2.5582714613392454e-08,
2.6303395017635012e-08,
3.181596852641633e-08,
3.318793062589975e-08,
2.8712044297662942e-08,
3.114376667667784e-08,
3.468789344651668e-08,
3.3866868420773244e-08,
3.133762760398895e-08,
3.10370893430445e-08,
3.58222216334525e-08,
3.963741690427014e-08,
4.2113608600402586e-08,
4.0878674667510495e-08,
4.5469988663171534e-08,
4.746695836388426e-08,
5.536804792427574e-08,
5.8320985374393786e-08,
5.7247767415447015e-08,
5.913657830092234e-08,
6.74052174076678e-08,
6.798200047342107e-08,
6.881986536200202e-08,
8.577109866791943e-08,
8.597654499453711e-08,
1.0829417362856475e-07,
1.0974234498917212e-07,
1.4148346849651716e-07,
1.1267812283222156e-07,
1.1325354165592216e-07,
1.385662642405805e-07,
1.330318752934545e-07,
1.1563025026362084e-07,
1.1751227901868333e-07,
1.1377799324918669e-07,
1.111006397991332e-07