0.0,
0.0,
0.0,
0.0,
0.0,
0.0,
0.0,
0.0,
1.8177425120669e-09,
1.809850713740957e-09,
0.0,
0.0,
0.0,
1.525563564364063e-09,
0.0,
0.0,
0.0,
0.0,
0.0,
0.0,
0.0,
0.0,
0.0,
0.0,
0.0,
2.6201469882636275e-09,
1.966478757609025e-09,
0.0,
0.0,
0.0,
0.0,
0.0,
0.0,
6.671317942519295e-10,
0.0,
1.788138637159875e-09,
0.0,
0.0,
0.0,
0.0,
1.084179745980407e-09,
1.0685604623361655e-09,
5.304700567698717e-10,
0.0,
4.898432770517047e-10,
0.0,
0.0,
4.67479999155529e-10,
4.671713571546832e-10,
0.0,
4.242382556363111e-10,
0.0,
7.523535128228787e-10,
0.0,
0.0,
7.078619912448403e-10,
6.7563077355004e-10,
0.0,
0.0,
0.0,
0.0,
0.0,
0.0,
0.0,
0.0,
0.0,
0.0,
3.2966585017391026e-10,
0.0,
0.0,
3.024872019530278e-10,
3.1368188602165503e-10,
0.0,
2.95655222526392e-10,
0.0,
0.0,
0.0,
2.7818500281107106e-10,
2.808052124159133e-10,
2.6832389088404796e-10,
0.0,
0.0,
0.0,
2.3020678419083396e-10,
4.419183352588618e-10,
2.2686705292151998e-10,
0.0,
2.990068859176631e-09,
0.0,
0.0,
1.9343777968305886e-10,
0.0,
0.0,
3.5413966203989844e-10,
0.0,
3.146021498867668e-10,
0.0,
7.732120499426287e-10,
4.445953605269892e-10,
0.0,
1.3003728649430002e-10,
0.0,
1.274973460141382e-10,
1.2649423175581376e-10,
2.399136167507976e-10,
3.6158409599806873e-10,
0.0,
1.1097617963473638e-10,
6.403682029088031e-10,
0.0,
2.0510243503579773e-10,
1.9214235758013842e-10,
0.0,
1.9283445673590194e-10,
1.9569104670047466e-10,
0.0,
2.001708659937762e-10,
2.0463085392830038e-10,
2.677705390752294e-09,
2.1072607547800715e-10,
6.843209887641422e-10,
1.0066167344113808e-10,
2.9832067371948767e-10,
4.872347525441967e-10,
1.9678125795508095e-10,
3.3811814459383527e-10,
6.87496448659175e-10,
0.0,
0.0,
4.813822118698852e-10,
4.775059236905577e-10,
4.789992291698297e-10,
1.7700058085878823e-10,
7.623670028600316e-10,
9.181553295434242e-10,
1.3240217811016919e-09,
0.0,
0.0,
1.0888943080544777e-09,
1.0259342264617999e-09,
2.984841485087486e-09,
9.13594533358264e-10,
4.182196366997459e-09,
2.1666339833359416e-09,
1.9304999820946023e-09,
2.2666322152531393e-09,
6.006931063673449e-10,
7.967955184540187e-10,
3.941578174959659e-10,
8.108571036835599e-10,
6.953929654329727e-10,
1.3166999712765914e-09,
1.190431309083806e-09,
0.0,
3.475310594858172e-10,
8.783011540280938e-10,
2.1964932095386303e-09,
3.0483507384992947e-10,
5.07298814067525e-10,
3.9595935419356465e-09,
5.352364662591924e-10,
8.331265677341548e-10,
3.162302919523796e-10,
4.446901735732922e-10,
4.727339075749626e-10,
3.570614637293801e-10,
8.319239741538809e-10,
5.665785618447217e-10,
3.0852786991886205e-10,
1.2310299446482986e-09,
1.8573825810719313e-09,
3.0997895916762275e-10,
5.655437784746198e-10,
4.910924999990129e-10,
1.3157823719467387e-09,
4.869449288236183e-10,
8.666801720735862e-10,
1.2547154426556517e-09,
3.973655016142885e-10,
1.6876505748442128e-10,
2.809243948576068e-10,
2.8559749010170776e-10,
1.7068171875855853e-10,
4.937201203425445e-10,
3.2045155418103377e-10,
4.1504372161327296e-10,
2.5908769574201074e-10,
0.0,
2.0255409849401218e-10,
1.4507965662158284e-10,
4.681227072644845e-10,
4.366788042275971e-10,
3.259485736872847e-10,
2.796134157545538e-10,
3.218941502236561e-10,
2.6721852508515553e-10,
3.156266081827397e-10,
9.104381831770425e-11,
4.470991910032751e-10,
8.82285494663293e-11,
5.234797040287731e-10,
2.4266708087417044e-10,
1.898135537636847e-10,
1.8173502980278755e-10,
1.419804412927661e-10,
1.8789939049135285e-10,
1.8053480932422872e-10,
1.0597746291640675e-10,
6.956030890181708e-11,
2.161560375135707e-10,
6.386921547196778e-10,
1.8518778177600836e-10,
1.1616301670569484e-10,
4.2985909276538337e-10,
1.2998711829137477e-10,
1.1213700801260273e-10,
1.1237147323761576e-10,
1.4548100224498484e-10,
5.322057794465707e-10,
2.6285640331025206e-10