0.0,
0.0,
0.0,
0.0,
0.0,
0.0,
0.0,
0.0,
0.0,
0.0,
1.4645485935105285e-09,
0.0,
0.0,
0.0,
0.0,
0.0,
0.0,
0.0,
0.0,
0.0,
0.0,
0.0,
5.260410329555043e-09,
0.0,
0.0,
0.0,
0.0,
0.0,
0.0,
0.0,
0.0,
0.0,
0.0,
0.0,
0.0,
0.0,
0.0,
0.0,
5.864838059643773e-10,
0.0,
0.0,
3.205681498030799e-09,
0.0,
0.0,
0.0,
0.0,
0.0,
1.4024399419554356e-09,
0.0,
0.0,
0.0,
0.0,
0.0,
0.0,
0.0,
0.0,
0.0,
0.0,
0.0,
0.0,
0.0,
0.0,
0.0,
0.0,
0.0,
7.800557977333256e-10,
0.0,
0.0,
0.0,
0.0,
3.024872019530278e-10,
2.5094550881732403e-09,
6.927530105116375e-09,
2.95655222526392e-10,
0.0,
2.8666197193771836e-10,
5.461225360825495e-10,
0.0,
0.0,
0.0,
4.89323415120424e-10,
2.539975174631337e-10,
2.4439669732423397e-10,
3.4531018044958728e-09,
4.419183352588618e-10,
0.0,
0.0,
1.4950344295883156e-09,
2.0316294480071662e-10,
1.1587218962105794e-09,
2.7081288322960972e-09,
7.560795878269744e-10,
7.32785054857743e-10,
1.7706983101994922e-10,
8.961767994364322e-10,
6.292042997735336e-10,
2.4214756866314247e-09,
2.3196360388055837e-09,
2.963969070179928e-10,
1.35662980849105e-09,
4.161193167817601e-09,
2.1465420552146952e-09,
4.334909764480699e-09,
1.1384481135578994e-09,
4.558358579487276e-09,
3.8568970239794e-09,
2.4546282784143614e-09,
2.1085473367321583e-09,
5.0162176634671596e-09,
4.3441961139478735e-09,
5.435214500693064e-09,
2.8821354192132276e-09,
4.4374850460826565e-09,
5.399364955138708e-09,
7.14272330171184e-09,
6.457520296265784e-09,
7.306236504689423e-09,
1.2584797204340248e-08,
8.479400293026629e-09,
5.794967172789711e-09,
1.1242415887124935e-08,
6.039700295445982e-09,
1.3225550432593991e-08,
1.3155338152159857e-08,
1.3774688056855666e-08,
1.2172253427422675e-08,
1.1343691319609661e-08,
1.7436972754580893e-08,
1.7552949316268496e-08,
1.5725152735512893e-08,
1.4006841020375305e-08,
1.6605305575012608e-08,
2.655008657370672e-08,
2.2680417544052034e-08,
2.240298968558818e-08,
2.2508370278728762e-08,
2.2055134607512628e-08,
2.217579186947205e-08,
1.96000975449806e-08,
1.875993937971998e-08,
2.372163443453701e-08,
2.466705240067313e-08,
1.812285077562592e-08,
1.444422714769189e-08,
1.5250948948164478e-08,
1.7261275075952653e-08,
2.162495249535823e-08,
1.5935910369080375e-08,
1.4452453456215153e-08,
1.6217141407537383e-08,
1.877561039975717e-08,
1.68776992381936e-08,
1.773742752675389e-08,
1.9187252675578748e-08,
1.4712148832529692e-08,
1.6358358223556024e-08,
1.6363873811542362e-08,
1.4733695152813198e-08,
1.81612982430579e-08,
1.772389524035134e-08,
1.855486431168174e-08,
1.5829405342060454e-08,
1.8420413638864375e-08,
1.4230085554345351e-08,
1.3315338165398316e-08,
1.671047655804614e-08,
1.1577608205470824e-08,
1.3094259898593918e-08,
1.4007164317320075e-08,
1.3849087210360267e-08,
1.4735235254192958e-08,
1.3577078128435005e-08,
1.3698727485689233e-08,
1.5592187097013266e-08,
1.134079141706934e-08,
1.6556127135913812e-08,
1.571580021675345e-08,
1.5512846118781454e-08,
1.3794259956512178e-08,
1.4120009161899816e-08,
1.6967833360581608e-08,
1.9591988476008737e-08,
1.9002564854986304e-08,
2.013280919754834e-08,
2.3019103068122604e-08,
2.0285261470576188e-08,
2.3214257183212794e-08,
2.6293072608041257e-08,
2.4964792899595523e-08,
2.355126405007013e-08,
2.378063435060085e-08,
2.576405044862895e-08,
2.621557904092242e-08,
2.544482136102033e-08,
2.5659563362978588e-08,
2.7968873439476738e-08,
2.8812200625338846e-08,
3.031759021610014e-08,
3.0626296165792155e-08,
3.101233403413062e-08,
4.1153558782980326e-08,
4.266896169724532e-08,
4.3960817208699154e-08,
4.997713176635443e-08,
5.022558013934031e-08,
5.0507352966633334e-08,
5.0874707113734985e-08,
6.478755665284552e-08,
7.053415629343363e-08,
9.211849771872949e-08,
1.0027466856854517e-07,
1.2633510948489857e-07,
1.1523371057364784e-07,
1.0270766637177076e-07,
1.3700642398362106e-07,
1.228274015829811e-07,
1.025951590349905e-07,
1.0838334674190264e-07,
9.370623388349486e-08,
9.296354619436897e-08