0.0,
0.0,
0.0,
0.0,
0.0,
0.0,
0.0,
0.0,
0.0,
0.0,
0.0,
0.0,
0.0,
0.0,
0.0,
0.0,
0.0,
0.0,
0.0,
0.0,
0.0,
0.0,
0.0,
0.0,
0.0,
8.733823109174921e-10,
0.0,
0.0,
0.0,
0.0,
0.0,
0.0,
0.0,
0.0,
0.0,
0.0,
0.0,
0.0,
0.0,
5.254282564592927e-10,
0.0,
0.0,
0.0,
0.0,
9.796865541034094e-10,
0.0,
0.0,
0.0,
0.0,
0.0,
0.0,
0.0,
0.0,
0.0,
0.0,
0.0,
1.6890768783639487e-09,
0.0,
0.0,
0.0,
0.0,
0.0,
0.0,
0.0,
0.0,
3.900278988666628e-10,
0.0,
3.2966585017391026e-10,
0.0,
0.0,
0.0,
0.0,
0.0,
0.0,
0.0,
0.0,
0.0,
0.0,
2.808052124159133e-10,
5.366477817680959e-10,
0.0,
2.539975174631337e-10,
0.0,
4.604135683816679e-10,
0.0,
0.0,
0.0,
0.0,
1.625303558405733e-09,
1.931203114091673e-10,
0.0,
0.0,
1.8319626371443576e-10,
0.0,
0.0,
1.573010749433834e-10,
3.228634304353051e-10,
0.0,
1.481984535089964e-10,
8.1397788509463e-10,
1.6904847521814759e-09,
0.0,
2.549946920282764e-10,
2.529884635116275e-10,
0.0,
1.2052803199935624e-10,
3.3472202787265815e-10,
3.3292854584310305e-10,
9.605523043632047e-10,
9.774441256382715e-10,
3.076536525536966e-10,
2.593921744065142e-09,
9.646706766730517e-10,
5.78503356329918e-10,
1.5655283736037973e-09,
1.0089875462915288e-10,
1.7014523123748404e-09,
1.4324159636203149e-09,
1.1157106349912738e-09,
3.79306941411528e-09,
1.8574426441375635e-09,
3.321835251313132e-09,
2.088244688280838e-09,
2.5985853469023823e-09,
1.1806875477304857e-09,
5.409890313501364e-09,
2.4062376535738395e-09,
5.470422781428397e-09,
3.7038332401095886e-09,
3.6905971612100075e-09,
4.7750594589501816e-09,
6.067323532477076e-09,
4.071013304240978e-09,
4.1930183769522955e-09,
7.528873524620394e-09,
5.792595292319902e-09,
5.35161381876037e-09,
5.8191793605999464e-09,
9.17782383424992e-09,
4.543422971181599e-09,
9.268718237365192e-09,
3.3498466223136347e-09,
8.887167446403055e-09,
7.222113573845945e-09,
1.0038599285167038e-08,
8.717815802583573e-09,
1.0662303040476218e-08,
7.303959215221312e-09,
6.3065250799354544e-09,
8.571918286293112e-09,
7.881120644981365e-09,
5.266799885106366e-09,
4.285552801519543e-09,
7.580148952968102e-09,
5.9080282888146485e-09,
3.2936293692387153e-09,
3.7340384118067504e-09,
5.893478149943121e-09,
4.159850242047014e-09,
5.75083847209612e-09,
4.817128473888488e-09,
5.1653845645205365e-09,
6.957066478463503e-09,
5.855087081840793e-09,
5.200072816791135e-09,
4.356149663209408e-09,
5.892794696649162e-09,
6.547129949296959e-09,
5.553501214450307e-09,
4.801016917355128e-09,
6.624664372623101e-09,
5.207646314175918e-09,
5.906790612186796e-09,
5.402017499989142e-09,
5.6390674352257975e-09,
5.417262194384875e-09,
6.5289906814314236e-09,
7.984552574669124e-09,
6.811980313159438e-09,
5.512991840816994e-09,
5.955596904527738e-09,
5.540591541119966e-09,
7.111738309362181e-09,
7.734948681559217e-09,
8.224922964927828e-09,
7.418906378120482e-09,
6.995367840545441e-09,
1.0496647107061108e-08,
7.241308885852504e-09,
7.205622765127373e-09,
7.67721264338661e-09,
6.210543190832141e-09,
7.636509202768593e-09,
8.574811083406075e-09,
8.967051101649304e-09,
9.530794820022948e-09,
1.0505857517273398e-08,
1.0060341892881297e-08,
1.0462120947352105e-08,
1.0013940787700903e-08,
1.0509862313767826e-08,
1.0556017393525963e-08,
1.116103653941991e-08,
1.4029944317428544e-08,
1.1961851953401492e-08,
1.600902699294693e-08,
1.242079505914262e-08,
1.649715919427308e-08,
1.3668600473693004e-08,
1.57793902388903e-08,
1.7996091727923158e-08,
1.944471783588142e-08,
1.6930759016986485e-08,
1.5532242159110865e-08,
2.0050512361535766e-08,
2.0296798908248093e-08,
1.6256407775472326e-08,
1.9494454051027788e-08,
1.7562790333158773e-08,
2.181708147475092e-08