0.0,
0.0,
0.0,
0.0,
0.0,
0.0,
0.0,
0.0,
0.0,
0.0,
0.0,
0.0,
0.0,
0.0,
0.0,
0.0,
0.0,
0.0,
0.0,
0.0,
0.0,
0.0,
0.0,
0.0,
0.0,
0.0,
0.0,
0.0,
0.0,
0.0,
0.0,
0.0,
0.0,
0.0,
0.0,
0.0,
0.0,
0.0,
0.0,
0.0,
0.0,
0.0,
0.0,
0.0,
0.0,
0.0,
0.0,
0.0,
0.0,
0.0,
0.0,
0.0,
0.0,
0.0,
0.0,
0.0,
0.0,
0.0,
0.0,
0.0,
0.0,
0.0,
0.0,
0.0,
0.0,
0.0,
0.0,
0.0,
0.0,
0.0,
0.0,
0.0,
0.0,
0.0,
0.0,
0.0,
0.0,
0.0,
0.0,
0.0,
0.0,
0.0,
0.0,
0.0,
0.0,
0.0,
0.0,
0.0,
0.0,
0.0,
0.0,
0.0,
0.0,
0.0,
0.0,
0.0,
0.0,
0.0,
0.0,
0.0,
0.0,
0.0,
0.0,
0.0,
0.0,
0.0,
0.0,
0.0,
0.0,
0.0,
0.0,
0.0,
0.0,
0.0,
0.0,
0.0,
0.0,
0.0,
0.0,
0.0,
0.0,
0.0,
0.0,
0.0,
0.0,
0.0,
0.0,
0.0,
0.0,
0.0,
0.0,
0.0,
0.0,
0.0,
0.0,
0.0,
0.0,
0.0,
0.0,
0.0,
0.0,
0.0,
0.0,
0.0,
0.0,
0.0,
0.0,
0.0,
0.0,
0.0,
0.0,
0.0,
0.0,
0.0,
0.0,
0.0,
0.0,
0.0,
0.0,
0.0,
0.0,
6.340442615382358e-10,
2.257084935619602e-10,
2.820175204476527e-10,
0.0,
1.3588294378585886e-10,
2.507192453649054e-09,
2.397158305189606e-10,
1.2918345282386667e-09,
6.269951224879833e-09,
1.4142035986708379e-08,
1.1272957678443163e-08,
6.580719302817784e-10,
6.426330578790385e-10,
5.368522959514621e-09,
1.1590475801348532e-10,
0.0,
0.0,
1.619321066126389e-10,
2.6754634618875173e-10,
0.0,
0.0,
0.0,
5.218220994196443e-11,
0.0,
0.0,
0.0,
0.0,
0.0,
0.0,
0.0,
4.615983983935479e-11,
1.3292603129322345e-10,
0.0,
0.0,
0.0,
0.0,
0.0,
0.0,
0.0,
3.833765596650274e-11,
0.0,
0.0,
0.0,
0.0,
0.0,
0.0,
0.0,
0.0,
0.0,
0.0,
1.761022716539884e-10,
0.0,
0.0,
0.0,
0.0,
0.0,
0.0,
0.0,
0.0