0.0,
0.0,
0.0,
0.0,
0.0,
0.0,
0.0,
0.0,
0.0,
0.0,
0.0,
0.0,
0.0,
0.0,
0.0,
0.0,
0.0,
0.0,
0.0,
0.0,
0.0,
0.0,
0.0,
0.0,
0.0,
0.0,
0.0,
0.0,
0.0,
0.0,
0.0,
0.0,
0.0,
0.0,
0.0,
0.0,
0.0,
0.0,
0.0,
0.0,
0.0,
0.0,
0.0,
0.0,
0.0,
0.0,
0.0,
0.0,
0.0,
0.0,
0.0,
0.0,
0.0,
0.0,
0.0,
0.0,
0.0,
3.372455370520555e-10,
0.0,
0.0,
0.0,
0.0,
4.0653774791010733e-10,
0.0,
0.0,
0.0,
0.0,
0.0,
0.0,
0.0,
0.0,
0.0,
0.0,
0.0,
0.0,
0.0,
0.0,
0.0,
0.0,
0.0,
0.0,
0.0,
0.0,
0.0,
0.0,
0.0,
0.0,
0.0,
0.0,
0.0,
0.0,
0.0,
0.0,
0.0,
0.0,
0.0,
0.0,
0.0,
0.0,
0.0,
0.0,
0.0,
0.0,
0.0,
0.0,
0.0,
0.0,
0.0,
0.0,
0.0,
0.0,
0.0,
0.0,
1.830833956661948e-10,
0.0,
0.0,
8.363099546215835e-09,
2.2357899975844475e-09,
2.7245482314697256e-08,
3.905231249490271e-09,
2.7871525531963925e-08,
1.7882284097936463e-08,
6.708703814695127e-09,
1.140867933457912e-08,
4.482798576788127e-09,
8.665619333214636e-09,
1.1101679575631351e-08,
7.143032831891105e-09,
1.0703271158263306e-08,
2.0564606018069753e-08,
1.7531322171748798e-08,
8.939539775099092e-09,
7.564540105420292e-09,
7.060126705482617e-09,
9.071412954142488e-09,
7.86280196507505e-09,
7.086468745143293e-09,
1.4938552617138612e-09,
4.877434012229287e-09,
3.6207010722932864e-09,
1.2234628421481375e-08,
8.099567239128191e-09,
1.6894178500592716e-08,
1.9395258732402e-08,
8.260121475700544e-09,
5.142375858468995e-09,
4.1416634566360244e-09,
1.8953454361536615e-09,
1.873408539410093e-09,
5.727160079516125e-09,
3.1956837176494446e-09,
1.1376509734262186e-09,
1.0186456123051357e-09,
1.801301219295226e-09,
4.4061382320492726e-10,
7.30645099977778e-10,
1.6705418159901342e-09,
3.285082872395151e-09,
1.447295838730156e-09,
2.960240053084817e-09,
2.54574528124607e-10,
1.3473440141353876e-09,
4.514169871239204e-10,
1.9036181519993534e-09,
0.0,
1.2229465218283053e-09,
3.958725014463482e-10,
0.0,
6.459172641193334e-10,
4.687814025849946e-10,
3.535509107699397e-10,
4.721657509421107e-10,
6.580719302817784e-10,
1.7526355367003532e-10,
5.368523403603831e-10,
5.795237900674266e-11,
7.700279303080038e-10,
4.884995741250009e-10,
7.017058045732938e-10,
6.421112530574646e-10,
1.12250431172356e-09,
4.3465900323447215e-10,
1.0822614332495206e-10,
2.6091104277092825e-10,
6.096341209627099e-10,
0.0,
4.927726629522233e-11,
3.426014749674522e-10,
1.4935067627064313e-09,
1.3797614439869932e-10,
9.352635332859904e-10,
0.0,
2.658520625864469e-10,
4.434725503488224e-11,
4.377486567674893e-11,
2.1196810973123092e-10,
1.2875599197936793e-10,
8.668917667042919e-11,
4.258860278327781e-11,
0.0,
0.0,
4.235456152468231e-10,
3.613870314111978e-11,
8.30717328259567e-10,
6.762435750262696e-11,
2.1481988410343433e-10,
6.880986058721561e-11,
2.35607033882701e-10,
2.6506935535408616e-10,
4.802547248772271e-10,
2.861015591104632e-10,
0.0,
0.0,
1.3641175689027563e-10,
6.173259819997057e-11,
0.0,
0.0,
0.0,
7.232256460376618e-11,
0.0