0.0,
0.0,
0.0,
0.0,
0.0,
0.0,
0.0,
0.0,
0.0,
0.0,
0.0,
0.0,
0.0,
0.0,
0.0,
0.0,
0.0,
0.0,
0.0,
0.0,
0.0,
0.0,
0.0,
0.0,
0.0,
0.0,
0.0,
0.0,
0.0,
0.0,
7.319942429973025e-09,
0.0,
0.0,
0.0,
6.50262621526565e-10,
0.0,
0.0,
0.0,
0.0,
0.0,
0.0,
0.0,
0.0,
0.0,
0.0,
0.0,
4.5902170953127097e-10,
0.0,
0.0,
0.0,
0.0,
0.0,
3.7617675641143933e-10,
0.0,
0.0,
0.0,
0.0,
0.0,
0.0,
0.0,
0.0,
0.0,
0.0,
0.0,
0.0,
0.0,
0.0,
0.0,
0.0,
0.0,
0.0,
0.0,
0.0,
0.0,
0.0,
0.0,
2.7306126804127473e-10,
0.0,
0.0,
0.0,
0.0,
0.0,
0.0,
2.3020678419083396e-10,
0.0,
0.0,
0.0,
0.0,
2.0316294480071662e-10,
0.0,
0.0,
0.0,
1.8319626371443576e-10,
0.0,
0.0,
0.0,
0.0,
0.0,
0.0,
0.0,
0.0,
0.0,
0.0,
0.0,
0.0,
0.0,
0.0,
0.0,
1.0672803613109849e-10,
0.0,
1.0255121751789886e-10,
9.607117879006921e-11,
0.0,
0.0,
9.784552335023733e-11,
1.0089875462915288e-10,
2.001708659937762e-10,
0.0,
0.0,
0.0,
9.776014026074975e-11,
0.0,
0.0,
1.624115841813989e-10,
0.0,
1.6905907229691763e-10,
0.0,
0.0,
1.6103622602070544e-10,
3.20921483831782e-10,
0.0,
1.596664050973473e-10,
0.0,
0.0,
0.0,
0.0,
0.0,
1.572751234801828e-10,
0.0,
1.4656202640406235e-10,
0.0,
0.0,
0.0,
5.416584958339854e-10,
0.0,
0.0,
0.0,
0.0,
0.0,
0.0,
0.0,
0.0,
0.0,
0.0,
1.1584368880823703e-10,
0.0,
0.0,
0.0,
1.0145976420128378e-10,
0.0,
1.7841216004566007e-10,
8.33126553856367e-11,
7.90575729880949e-11,
7.41150266159174e-11,
7.878898228286246e-11,
0.0,
4.852889756712386e-10,
2.5181268181739824e-10,
6.170557120821485e-11,
1.2310300001594499e-10,
4.953020216191817e-10,
7.439494575933736e-10,
1.508116742598986e-09,
1.1663446874976557e-09,
6.892193482599396e-10,
1.2173623220590457e-10,
1.155573553512923e-10,
1.710975666702197e-10,
5.6766501221883203e-11,
1.6876505748442128e-10,
0.0,
0.0,
1.1378781250570569e-10,
2.194311676806393e-10,
0.0,
5.188046520165912e-11,
5.181753984229154e-11,
1.543624672528665e-10,
0.0,
0.0,
0.0,
0.0,
0.0,
4.66022359590923e-11,
9.196975819802944e-11,
0.0,
7.665217349739351e-10,
9.104381831770425e-11,
4.47099197942169e-11,
8.82285494663293e-11,
8.053534228391612e-11,
8.088902464509218e-11,
7.592541872991632e-11,
3.634700526666812e-11,
3.5495110323191525e-11,
3.757987671049179e-11,
7.22139223419127e-11,
7.06516442572358e-11,
0.0,
7.205201019155894e-11,
7.88972664977905e-10,
0.0,
1.7424452158909531e-10,
2.8657272735377326e-11,
3.249677957284369e-11,
3.737900267086758e-11,
0.0,
0.0,
0.0,
4.380940055170868e-11