0.0,
0.0,
0.0,
0.0,
0.0,
0.0,
0.0,
0.0,
3.6354850241338e-09,
1.809850713740957e-09,
0.0,
0.0,
0.0,
0.0,
0.0,
0.0,
0.0,
0.0,
0.0,
0.0,
0.0,
0.0,
0.0,
0.0,
0.0,
0.0,
0.0,
0.0,
0.0,
0.0,
0.0,
0.0,
0.0,
0.0,
0.0,
0.0,
0.0,
0.0,
0.0,
0.0,
0.0,
0.0,
0.0,
0.0,
0.0,
0.0,
0.0,
0.0,
0.0,
0.0,
0.0,
0.0,
3.7617675641143933e-10,
0.0,
0.0,
0.0,
0.0,
0.0,
0.0,
0.0,
0.0,
0.0,
0.0,
0.0,
0.0,
0.0,
0.0,
0.0,
1.5479293402620442e-09,
0.0,
0.0,
0.0,
0.0,
0.0,
0.0,
0.0,
0.0,
0.0,
0.0,
0.0,
0.0,
0.0,
0.0,
0.0,
0.0,
0.0,
0.0,
0.0,
0.0,
0.0,
0.0,
0.0,
3.663925274288715e-10,
1.7706983101994922e-10,
0.0,
7.865053608391293e-10,
2.0986123949739977e-09,
3.866060360735446e-09,
1.926579784594651e-09,
6.78314904245525e-10,
9.102609777045245e-10,
2.1465420552146952e-09,
2.549946920282764e-10,
1.2649423175581376e-10,
1.1995681115095636e-09,
4.82112127997425e-10,
2.2314802783363064e-10,
1.1097617963473638e-10,
1.0672803613109849e-10,
6.51629417092181e-10,
1.743370670048705e-09,
2.8821353637020763e-10,
2.894011974508004e-10,
0.0,
9.784552057467977e-10,
7.062913032207518e-10,
1.2010251682070816e-09,
1.739362209818296e-09,
8.92568463584098e-10,
0.0,
1.4664021108501402e-09,
2.3152184613906e-09,
3.9776090754450877e-10,
3.248231683627978e-10,
1.9678125795508095e-10,
1.5215316784278343e-09,
1.5468669678497804e-09,
1.7095070914407984e-09,
1.932434656737314e-09,
1.1232251795334491e-09,
1.4325178820939755e-09,
2.075663196876576e-09,
1.9470063339355193e-09,
5.717752382672359e-10,
2.019941769404454e-09,
4.9650816791313446e-09,
4.37859304369681e-09,
6.291004939207312e-10,
2.48890130727375e-09,
2.3449924224649976e-09,
1.0996784594041742e-09,
2.8930493556345027e-09,
6.447552713950699e-09,
6.499901950007825e-09,
2.123550002508523e-09,
1.2204942612115133e-09,
7.508663690813933e-10,
3.8511784872241606e-09,
5.649595458123713e-09,
4.865142511079057e-09,
9.271906575847311e-10,
2.034900026259834e-09,
1.5475607462178687e-09,
2.487236416826022e-09,
8.109058424743409e-10,
1.097876456412905e-09,
2.9652658106726903e-09,
9.14505249305364e-10,
1.01459762813505e-09,
5.656562440670143e-10,
1.2488851064418327e-09,
9.164392023031098e-10,
1.0277484419063398e-09,
2.2234507568441586e-09,
3.1515592913144985e-10,
8.569475129505122e-10,
7.625969300484314e-10,
3.7771902272609736e-10,
8.638779691594323e-10,
5.539634861939646e-10,
3.7147651621438627e-10,
7.439494575933736e-10,
3.770291856497465e-10,
3.069328124993831e-10,
5.6390675462481e-10,
4.869449288236183e-10,
9.244588428103384e-10,
5.703252314859242e-10,
6.811979869070228e-10,
6.188051737687772e-10,
7.304034044253171e-10,
7.996729944892422e-10,
4.5515125002282275e-10,
1.097155810647621e-09,
7.477202745853617e-10,
6.744460545604625e-10,
2.0727015936916615e-10,
4.1163322750392695e-10,
2.0255409849401218e-10,
8.221180403111816e-10,
4.681227072644845e-10,
7.277980440534293e-10,
9.778456933062785e-10,
6.058290535904121e-10,
9.656824229153926e-10,
6.680463404684645e-10,
9.468797967926434e-10,
5.462629237840133e-10,
9.389082844535324e-10,
1.367542523666998e-09,
1.167762442300102e-09,
7.684457514756105e-10,
8.731423362107193e-10,
1.0177161335889195e-09,
9.228728892196614e-10,
7.140176783160257e-10,
1.19152976374437e-09,
1.3070554638616727e-09,
1.5998871116806868e-09,
1.405014216082634e-09,
1.4652349333843517e-09,
1.4444647700173618e-09,
1.4229969425016975e-09,
2.006009136579223e-09,
1.982303654557427e-09,
1.6820551618224044e-09,
1.4982863838497451e-09,
1.6366612509699507e-09,
7.983086969254316e-10,
1.3142820165512603e-09