0.0,
0.0,
0.0,
0.0,
0.0,
0.0,
0.0,
0.0,
0.0,
0.0,
0.0,
0.0,
0.0,
0.0,
0.0,
0.0,
0.0,
0.0,
0.0,
0.0,
0.0,
0.0,
0.0,
0.0,
0.0,
0.0,
0.0,
0.0,
0.0,
0.0,
0.0,
0.0,
0.0,
0.0,
0.0,
0.0,
0.0,
0.0,
0.0,
1.0048759602199198e-09,
0.0,
0.0,
0.0,
5.058751750830481e-10,
0.0,
0.0,
0.0,
0.0,
0.0,
8.730005052193235e-10,
8.102936099874114e-10,
0.0,
0.0,
3.1734245786729787e-10,
6.205116975799285e-10,
0.0,
0.0,
0.0,
0.0,
3.3165842294735626e-10,
3.211248766898933e-10,
0.0,
0.0,
0.0,
0.0,
0.0,
0.0,
0.0,
0.0,
0.0,
0.0,
0.0,
2.638127771792398e-10,
2.8168889443236367e-10,
0.0,
2.731526393962014e-10,
5.202072661525392e-10,
0.0,
1.8713981475571018e-09,
1.5328964764194097e-09,
0.0,
0.0,
2.3253569902959015e-10,
0.0,
1.8920931488253245e-09,
0.0,
0.0,
0.0,
1.9322113353759107e-10,
0.0,
0.0,
1.7971725496668256e-10,
0.0,
0.0,
0.0,
0.0,
6.137784169801819e-10,
1.4693797567577604e-10,
0.0,
1.2898387913296006e-10,
1.2353343348259216e-10,
1.19911372498116e-10,
1.2106655955523848e-10,
0.0,
0.0,
2.2890668527342228e-10,
1.059026130678653e-10,
1.0536623656909327e-10,
0.0,
0.0,
9.73876326804124e-11,
9.122360505875449e-11,
1.8313997540708726e-10,
9.15416978330974e-11,
9.287978719463297e-11,
4.790929875042593e-10,
3.801408909875903e-10,
1.652540437824257e-09,
4.240542084144039e-10,
0.0,
3.7162034560722645e-10,
0.0,
9.448878485196488e-11,
0.0,
3.7356653881381874e-10,
1.604744254146695e-10,
0.0,
1.6234165400863532e-10,
0.0,
0.0,
7.556604786351784e-10,
1.515176178967792e-10,
3.362017886310298e-10,
0.0,
1.7445024591555836e-10,
0.0,
4.621610316668523e-10,
2.987710634450025e-10,
2.9560207059908805e-10,
8.355464098386278e-10,
1.0444195508441112e-09,
1.4463513720031074e-10,
1.656292047957919e-10,
3.4327890530150285e-10,
1.8355825748272991e-09,
1.6588309892373587e-10,
1.4281598126331119e-10,
1.2635635593394312e-10,
7.49363404661807e-10,
5.506884392936229e-10,
1.1019599122086277e-10,
4.550603782682572e-10,
4.5273140791834976e-10,
2.2516265241190325e-10,
1.1015345580123181e-10,
8.350229951936683e-10,
2.0881772699876677e-10,
1.0628209423657609e-09,
9.648638832349121e-11,
5.382254641972395e-10,
7.63723584373821e-10,
7.925553546783703e-10,
1.504723290413068e-10,
1.198574461902524e-09,
1.1241622077662328e-09,
2.717658875717177e-10,
1.3195750048211607e-10,
6.5921851311046e-10,
1.1743950256715152e-10,
5.273790848470128e-10,
5.892514809424654e-10,
2.3608287547105533e-10,
2.991236147664722e-10,
2.921059227833922e-10,
4.1755179869262804e-10,
1.1590475801348532e-10,
3.3001196220183715e-10,
8.141659013638503e-10,
8.096605608187701e-10,
6.421112530574646e-10,
8.017888020184216e-10,
5.97656146794634e-10,
3.246784230359623e-10,
4.1745767953571544e-10,
4.572255629664568e-10,
4.4406850419065336e-10,
9.362680630786713e-10,
1.1256905407819318e-09,
1.3489739325578398e-09,
7.818647951296498e-10,
4.0082720476064537e-10,
6.000779317894001e-10,
6.203215163758102e-10,
4.878197845670229e-10,
3.5019892541399145e-10,
4.2393621946246185e-10,
7.725359796317832e-10,
3.03412128754843e-10,
6.388290452186141e-10,
3.7814185116502586e-10,
4.983895518506642e-10,
4.235456152468231e-10,
3.25248328270078e-10,
3.807454351800743e-10,
4.395583341754161e-10,
3.222298261551515e-10,
2.4083451899414854e-10,
3.365814849054516e-10,
2.6506935535408616e-10,
4.4595077630660285e-10,
3.9338965418522776e-10,
4.2264547417403264e-10,
8.288497665986938e-10,
3.546705706902742e-10,
4.0126188483036174e-10,
3.1972907654775895e-10,
3.919850277700476e-10,
2.4203097859221145e-10,
1.0848384690564927e-10,
2.4986490654299587e-10