0.0,
0.0,
0.0,
0.0,
0.0,
0.0,
0.0,
0.0,
0.0,
0.0,
0.0,
0.0,
0.0,
0.0,
0.0,
0.0,
0.0,
0.0,
0.0,
0.0,
0.0,
0.0,
0.0,
0.0,
0.0,
0.0,
0.0,
0.0,
0.0,
0.0,
0.0,
0.0,
0.0,
0.0,
0.0,
0.0,
0.0,
0.0,
0.0,
0.0,
0.0,
0.0,
0.0,
0.0,
0.0,
8.132254314396903e-10,
0.0,
0.0,
0.0,
0.0,
0.0,
0.0,
0.0,
0.0,
0.0,
0.0,
0.0,
0.0,
0.0,
0.0,
0.0,
0.0,
0.0,
0.0,
0.0,
0.0,
0.0,
0.0,
0.0,
0.0,
0.0,
0.0,
0.0,
0.0,
0.0,
0.0,
0.0,
0.0,
0.0,
0.0,
0.0,
0.0,
0.0,
0.0,
0.0,
0.0,
0.0,
0.0,
0.0,
0.0,
0.0,
0.0,
0.0,
0.0,
0.0,
0.0,
0.0,
0.0,
0.0,
0.0,
0.0,
0.0,
0.0,
0.0,
0.0,
0.0,
0.0,
0.0,
0.0,
0.0,
0.0,
0.0,
0.0,
0.0,
0.0,
0.0,
0.0,
0.0,
0.0,
0.0,
0.0,
0.0,
0.0,
0.0,
0.0,
0.0,
0.0,
1.948099903614775e-09,
0.0,
0.0,
0.0,
0.0,
0.0,
2.0456264238077893e-08,
3.576230156454585e-08,
2.1544078521174015e-08,
4.9297175230833545e-09,
9.710059423184703e-09,
1.3449894531447626e-08,
1.6710927752683347e-08,
1.9993173339116765e-08,
1.6633041610703003e-08,
1.5403516684386886e-08,
1.3387877473292065e-08,
8.443679533343129e-09,
1.244123204457992e-08,
8.42614333862457e-09,
4.169759648675608e-09,
4.995756031078713e-10,
3.854819130566511e-09,
8.815679297669021e-10,
2.957892375476945e-09,
5.659142598979372e-10,
2.9271145507436813e-09,
2.863989934098754e-09,
1.1481565698190366e-09,
5.533669966695243e-09,
9.66200869312317e-11,
0.0,
1.794084880657465e-09,
0.0,
0.0,
9.028339742478408e-10,
4.2302628067147907e-10,
1.4988829621920274e-10,
7.473561769444359e-10,
3.298937512052902e-10,
5.992895762974015e-11,
1.7615925385072728e-10,
0.0,
2.357005979281013e-10,
1.1804143773552767e-10,
2.991236147664722e-10,
5.842118455667844e-11,
1.1930051391217944e-10,
0.0,
1.1000399202654165e-10,
0.0,
2.6988686285811525e-10,
0.0,
3.1002500566756908e-09,
5.433237540430902e-11,
2.705653479040393e-10,
0.0,
1.5240853024067746e-10,
0.0,
1.9710906518088933e-10,
5.873168062997536e-10,
0.0,
9.198409395283491e-11,
8.907271448199694e-11,
4.615983983935479e-11,
8.861735650844693e-11,
0.0,
0.0,
0.0,
0.0,
1.3003376153619683e-10,
4.599569169982942e-09,
7.982994820743272e-10,
3.450389141068655e-10,
2.6952903797727856e-10,
1.0841610942335933e-09,
2.7690577608652234e-10,
4.733705094572827e-10,
8.234762316483568e-10,
1.3761972117443122e-10,
1.346325967377382e-10,
0.0,
2.0582344162356492e-10,
1.0728808119697675e-10,
0.0,
1.381416231405197e-10,
0.0,
3.0866299099985284e-11,
1.0657635884925298e-10,
0.0,
1.383034103907832e-10,
7.232256460376618e-11,
0.0