0.0,
0.0,
0.0,
0.0,
0.0,
0.0,
0.0,
0.0,
0.0,
0.0,
0.0,
0.0,
0.0,
0.0,
0.0,
0.0,
0.0,
0.0,
0.0,
0.0,
0.0,
0.0,
0.0,
0.0,
0.0,
0.0,
0.0,
0.0,
0.0,
0.0,
0.0,
0.0,
0.0,
0.0,
0.0,
0.0,
0.0,
0.0,
0.0,
0.0,
0.0,
0.0,
0.0,
0.0,
0.0,
0.0,
0.0,
0.0,
0.0,
0.0,
0.0,
0.0,
0.0,
0.0,
0.0,
0.0,
0.0,
0.0,
0.0,
0.0,
0.0,
0.0,
0.0,
0.0,
0.0,
0.0,
0.0,
0.0,
0.0,
0.0,
0.0,
0.0,
0.0,
0.0,
0.0,
0.0,
0.0,
0.0,
0.0,
0.0,
0.0,
0.0,
0.0,
0.0,
0.0,
0.0,
0.0,
0.0,
0.0,
0.0,
0.0,
0.0,
0.0,
0.0,
0.0,
0.0,
0.0,
0.0,
0.0,
0.0,
0.0,
0.0,
0.0,
0.0,
0.0,
0.0,
0.0,
0.0,
0.0,
0.0,
0.0,
0.0,
0.0,
0.0,
0.0,
0.0,
0.0,
0.0,
0.0,
0.0,
0.0,
0.0,
0.0,
0.0,
0.0,
0.0,
0.0,
0.0,
0.0,
0.0,
0.0,
0.0,
0.0,
0.0,
0.0,
7.862802076097353e-10,
0.0,
0.0,
5.912041411981761e-10,
6.96288637858089e-10,
1.0444195508441112e-09,
0.0,
3.312584095915838e-10,
1.5447551016123384e-09,
0.0,
6.635323956949435e-10,
1.4281598126331119e-10,
0.0,
2.4978780155393565e-10,
2.2027538126856427e-10,
1.1019599122086277e-10,
0.0,
0.0,
0.0,
0.0,
0.0,
0.0,
0.0,
0.0,
4.4852122016436624e-10,
0.0,
0.0,
0.0,
0.0,
1.4988829621920274e-10,
0.0,
0.0,
0.0,
0.0,
0.0,
3.535509107699397e-10,
0.0,
0.0,
5.842118455667844e-11,
0.0,
0.0,
0.0,
0.0,
5.397737118384427e-11,
0.0,
0.0,
0.0,
0.0,
0.0,
0.0,
4.934094452457849e-11,
0.0,
0.0,
0.0,
0.0,
0.0,
0.0,
0.0,
0.0,
0.0,
0.0,
0.0,
0.0,
0.0,
0.0,
0.0,
0.0,
0.0,
0.0,
0.0,
0.0,
0.0,
0.0,
0.0,
0.0,
0.0,
3.522045502468707e-11,
0.0,
0.0,
0.0,
0.0,
0.0,
0.0,
0.0,
0.0