0.0,
0.0,
0.0,
0.0,
0.0,
0.0,
0.0,
0.0,
0.0,
0.0,
0.0,
0.0,
0.0,
0.0,
0.0,
0.0,
0.0,
0.0,
0.0,
0.0,
0.0,
0.0,
0.0,
0.0,
0.0,
0.0,
0.0,
0.0,
0.0,
0.0,
0.0,
0.0,
0.0,
0.0,
0.0,
0.0,
0.0,
0.0,
0.0,
0.0,
0.0,
0.0,
0.0,
0.0,
0.0,
0.0,
0.0,
0.0,
0.0,
0.0,
0.0,
0.0,
0.0,
0.0,
0.0,
0.0,
0.0,
0.0,
0.0,
0.0,
0.0,
0.0,
0.0,
0.0,
0.0,
0.0,
0.0,
0.0,
0.0,
0.0,
0.0,
0.0,
0.0,
0.0,
0.0,
0.0,
0.0,
0.0,
0.0,
0.0,
0.0,
0.0,
0.0,
0.0,
0.0,
0.0,
0.0,
0.0,
0.0,
0.0,
0.0,
0.0,
0.0,
0.0,
0.0,
0.0,
0.0,
0.0,
0.0,
0.0,
0.0,
0.0,
0.0,
0.0,
0.0,
0.0,
0.0,
0.0,
0.0,
0.0,
0.0,
0.0,
0.0,
0.0,
0.0,
0.0,
0.0,
0.0,
0.0,
0.0,
0.0,
0.0,
0.0,
0.0,
0.0,
0.0,
0.0,
0.0,
0.0,
0.0,
0.0,
0.0,
0.0,
0.0,
6.978009836622334e-10,
1.1007923461647806e-09,
4.621610316668523e-10,
2.987710634450025e-10,
0.0,
4.177732049193139e-10,
7.460139173076641e-10,
8.678108232018644e-10,
0.0,
5.149183301966787e-10,
5.506747280392688e-10,
1.161181706343939e-09,
1.2853438313698007e-09,
0.0,
0.0,
1.6520653733920199e-09,
1.1019599122086277e-10,
3.412952698234051e-10,
4.5273140791834976e-10,
6.75487943357922e-10,
5.507672651283713e-10,
0.0,
1.0440886349938339e-10,
0.0,
0.0,
0.0,
0.0,
0.0,
0.0,
0.0,
0.0,
0.0,
0.0,
0.0,
0.0,
0.0,
0.0,
0.0,
0.0,
0.0,
0.0,
0.0,
5.5001996013270826e-11,
0.0,
0.0,
0.0,
5.345258610733872e-11,
0.0,
0.0,
0.0,
0.0,
0.0,
0.0,
0.0,
4.817763896158844e-11,
0.0,
0.0,
0.0,
0.0,
0.0,
0.0,
0.0,
0.0,
0.0,
0.0,
0.0,
0.0,
0.0,
3.613870314111978e-11,
0.0,
0.0,
1.432132606948855e-10,
3.4404930293607805e-11,
0.0,
0.0,
0.0,
0.0,
0.0,
1.1051329990019454e-10,
0.0,
0.0,
7.105090821246662e-11,
0.0,
0.0,
0.0,
0.0