0.0,
0.0,
0.0,
0.0,
0.0,
0.0,
0.0,
0.0,
0.0,
0.0,
0.0,
0.0,
0.0,
0.0,
0.0,
0.0,
0.0,
0.0,
0.0,
0.0,
0.0,
0.0,
0.0,
0.0,
0.0,
0.0,
0.0,
0.0,
0.0,
0.0,
0.0,
0.0,
0.0,
0.0,
0.0,
0.0,
0.0,
0.0,
0.0,
0.0,
0.0,
0.0,
0.0,
0.0,
0.0,
0.0,
0.0,
0.0,
0.0,
0.0,
0.0,
0.0,
0.0,
0.0,
0.0,
0.0,
0.0,
0.0,
0.0,
0.0,
0.0,
0.0,
0.0,
0.0,
0.0,
0.0,
0.0,
3.1425695379283525e-10,
0.0,
0.0,
0.0,
0.0,
0.0,
0.0,
0.0,
0.0,
0.0,
2.6495269866977367e-10,
0.0,
0.0,
0.0,
0.0,
0.0,
0.0,
0.0,
0.0,
0.0,
0.0,
0.0,
0.0,
0.0,
5.391517787778355e-10,
0.0,
3.3683164590847525e-10,
0.0,
0.0,
0.0,
0.0,
0.0,
0.0,
1.2353343348259216e-10,
0.0,
1.2106655955523848e-10,
0.0,
0.0,
5.722667340002374e-10,
2.118052261357306e-10,
0.0,
0.0,
0.0,
0.0,
0.0,
0.0,
9.15416978330974e-11,
0.0,
1.9163720610393398e-10,
9.503522413467635e-10,
9.720826227299639e-11,
0.0,
0.0,
0.0,
9.56271867247338e-11,
1.1338654459791542e-09,
4.6251402707753186e-10,
0.0,
9.628465802435926e-10,
1.3060799108899346e-09,
2.4351247684961663e-09,
1.5290386734534422e-09,
2.5896169653094603e-09,
7.556604786351784e-10,
1.0606233669108178e-09,
4.202522330132297e-09,
3.07749115080469e-09,
5.756858101335638e-09,
5.9757296888562905e-09,
2.1567514441045432e-09,
5.97542126890005e-10,
8.129056539019075e-09,
1.8103505361466432e-09,
2.8348530189958865e-09,
3.3266081000959957e-09,
9.937752842859027e-10,
4.290986233002059e-09,
4.588956326045945e-09,
6.6353238459271324e-09,
4.1416634566360244e-09,
7.581381744614646e-09,
3.3721352377114044e-09,
5.2866093724901475e-09,
1.234195146082584e-08,
6.712140621090157e-09,
6.451422507325333e-09,
1.0019737928246286e-08,
1.1896573504088792e-08,
8.45460768061912e-09,
1.3364334527921073e-08,
1.66186548966607e-08,
9.552152846481476e-09,
1.6415876658015804e-08,
1.0098123226498501e-08,
1.3948973531796582e-08,
1.3692981859492193e-08,
1.0575656794742372e-08,
1.2590616549346123e-08,
1.025916240848801e-08,
1.385553716204413e-08,
1.180600506245355e-08,
1.3564262602017152e-08,
9.61001855870336e-09,
1.6027641436267004e-08,
1.628971801892476e-08,
1.6272323932753352e-08,
9.814758783477373e-09,
1.1751100537082948e-08,
1.2923380587892552e-08,
1.6995617357906667e-08,
1.1235489871808113e-08,
1.3440365265182663e-08,
1.4608030340923506e-08,
1.4378745305521079e-08,
1.2985437614077e-08,
1.509754632422755e-08,
1.3723921554742446e-08,
1.742537492077645e-08,
1.4950305882166504e-08,
1.936596483176345e-08,
1.776633418160145e-08,
1.546502126359428e-08,
1.8764755083111595e-08,
1.389534354245825e-08,
1.4494189848335282e-08,
1.276089900414945e-08,
1.2993745635014875e-08,
1.435815555339559e-08,
1.4625800126566446e-08,
1.317603004480361e-08,
1.2569930873951307e-08,
1.2095163093306383e-08,
1.0798051341964765e-08,
1.0274491479833614e-08,
1.0627144497732388e-08,
1.3299042755932078e-08,
1.1976174718597576e-08,
1.0312714238125409e-08,
1.1242240915976254e-08,
1.0631123537052645e-08,
1.0333051747579702e-08,
4.4730454895614e-09,
5.145586179367001e-09,
6.937962648834173e-09,
5.3182889203640116e-09,
1.0830303764919336e-08,
1.1131199073588505e-08,
6.636254212821768e-09,
4.866987257656774e-09,
7.625890141582659e-09,
4.944346709834235e-09,
5.315708317965573e-09,
6.246622330507989e-09