0.0,
0.0,
0.0,
0.0,
0.0,
0.0,
0.0,
0.0,
0.0,
0.0,
0.0,
0.0,
0.0,
0.0,
0.0,
0.0,
0.0,
0.0,
0.0,
0.0,
0.0,
0.0,
0.0,
0.0,
0.0,
0.0,
0.0,
0.0,
0.0,
0.0,
0.0,
0.0,
0.0,
0.0,
0.0,
0.0,
0.0,
0.0,
0.0,
0.0,
0.0,
0.0,
0.0,
0.0,
0.0,
0.0,
0.0,
0.0,
0.0,
0.0,
0.0,
0.0,
0.0,
0.0,
0.0,
0.0,
0.0,
0.0,
0.0,
0.0,
0.0,
0.0,
0.0,
0.0,
0.0,
0.0,
0.0,
0.0,
0.0,
0.0,
0.0,
0.0,
0.0,
0.0,
0.0,
0.0,
0.0,
0.0,
0.0,
0.0,
0.0,
0.0,
0.0,
0.0,
0.0,
0.0,
0.0,
0.0,
0.0,
0.0,
0.0,
0.0,
0.0,
6.736632918169505e-10,
0.0,
0.0,
0.0,
0.0,
1.408486521858876e-10,
0.0,
2.470668669651843e-10,
0.0,
0.0,
0.0,
0.0,
0.0,
0.0,
0.0,
0.0,
0.0,
0.0,
9.122360644653327e-10,
0.0,
7.323335826647792e-10,
7.430382975570637e-10,
0.0,
0.0,
0.0,
1.0601355210360097e-10,
4.005365206172229e-10,
7.432406912144529e-10,
2.868815740519892e-10,
0.0,
6.166853694367092e-10,
0.0,
0.0,
0.0,
6.493666160345413e-10,
1.5290387012090179e-10,
6.093216486924291e-10,
0.0,
0.0,
1.681008943155149e-10,
1.0861733734657264e-09,
1.7445024591555836e-10,
0.0,
4.621610316668523e-10,
0.0,
2.9560207059908805e-10,
4.177732049193139e-10,
4.476083670379438e-10,
8.678108232018644e-10,
1.656292047957919e-10,
1.5447551016123384e-09,
5.506747280392688e-10,
1.6588309892373587e-10,
5.712639250532447e-10,
7.581381078480831e-10,
4.995756031078713e-10,
4.4055076253712855e-10,
1.873331934021394e-09,
3.412952698234051e-10,
1.4713770202234855e-09,
5.629066102130764e-10,
4.4061382320492726e-10,
1.0437787301142976e-09,
5.220442966802352e-10,
1.7391615925177462e-09,
1.7367549620672662e-09,
1.435267904525972e-09,
1.2728726961341863e-09,
9.510663367962024e-10,
1.1285424816875889e-09,
2.1151314033573954e-09,
1.798659554630433e-09,
1.3588294933697398e-09,
1.1216387818535623e-09,
1.977655594842531e-09,
1.5267135333729698e-09,
1.9923209748640147e-09,
1.9445298704567904e-09,
6.492278936676144e-10,
1.7349168768276968e-09,
7.594753714812441e-10,
7.158030834730766e-10,
1.159047524623702e-09,
2.420087907850643e-09,
1.3569432244509017e-09,
1.7812532560057548e-09,
1.070185384755007e-09,
1.2294094631215557e-09,
2.33629204871022e-09,
1.731618293199233e-09,
1.6698307181428618e-09,
2.0321135885126296e-09,
1.7762740167626134e-09,
1.9710906240533177e-09,
3.181299446097796e-09,
2.023460732303306e-09,
1.1038091551895945e-09,
2.449499714174408e-09,
8.308771448639618e-10,
1.4621863719810335e-09,
1.374764857509092e-09,
1.4445705742716086e-09,
1.144627836957568e-09,
1.0300479358349435e-09,
9.102363307533778e-10,
8.091834424739375e-10,
8.403152618186027e-10,
1.0351166590538696e-09,
9.626036634458046e-10,
9.034675785279944e-10,
1.142236305540223e-09,
1.1496140706057645e-09,
6.44459652310303e-10,
7.225035569824456e-10,
7.068211571592542e-10,
1.9880201651556462e-10,
2.4012736243861355e-10,
6.794911855401153e-10,
3.522045433079768e-10,
8.564780551445494e-10,
7.093411413805484e-10,
6.48192277630244e-10,
6.394581530955179e-10,
3.207150101047773e-10,
6.915170658317038e-10,
5.785805168301295e-10,
4.997298130859917e-10