0.0,
0.0,
0.0,
0.0,
0.0,
0.0,
0.0,
0.0,
0.0,
0.0,
0.0,
0.0,
0.0,
0.0,
0.0,
0.0,
0.0,
0.0,
0.0,
0.0,
0.0,
0.0,
0.0,
0.0,
0.0,
0.0,
0.0,
0.0,
0.0,
0.0,
0.0,
0.0,
0.0,
0.0,
0.0,
0.0,
0.0,
0.0,
0.0,
0.0,
0.0,
0.0,
0.0,
0.0,
0.0,
0.0,
0.0,
0.0,
0.0,
0.0,
0.0,
0.0,
0.0,
0.0,
0.0,
0.0,
0.0,
0.0,
0.0,
0.0,
0.0,
0.0,
0.0,
0.0,
0.0,
0.0,
0.0,
0.0,
0.0,
5.902597299822787e-10,
0.0,
0.0,
0.0,
0.0,
0.0,
0.0,
0.0,
5.299053973395473e-10,
0.0,
0.0,
0.0,
0.0,
0.0,
0.0,
0.0,
0.0,
0.0,
0.0,
0.0,
0.0,
0.0,
0.0,
0.0,
0.0,
0.0,
0.0,
0.0,
0.0,
0.0,
0.0,
0.0,
0.0,
0.0,
0.0,
0.0,
0.0,
0.0,
0.0,
0.0,
0.0,
0.0,
0.0,
0.0,
0.0,
0.0,
0.0,
0.0,
0.0,
0.0,
0.0,
0.0,
0.0,
0.0,
0.0,
0.0,
0.0,
0.0,
0.0,
0.0,
0.0,
0.0,
0.0,
0.0,
0.0,
0.0,
0.0,
0.0,
0.0,
4.4340309202084427e-10,
1.6710928196772556e-09,
0.0,
2.892702744006215e-10,
0.0,
0.0,
1.835582519316148e-10,
1.6588309892373587e-10,
2.8563196252662237e-10,
2.4007706933559803e-09,
1.2489390077696783e-10,
1.21151455534374e-09,
1.3003126575483748e-08,
4.2093084573480155e-09,
3.1691198554284483e-09,
1.6887199416615317e-09,
3.084296817945642e-09,
9.707142645254407e-09,
1.4617240751135796e-09,
4.6377639506545165e-09,
3.087564426351719e-09,
5.471958886005268e-09,
5.006632441961756e-09,
7.291509174223165e-09,
1.301585683677331e-08,
5.428837379639617e-09,
4.421704780099844e-09,
1.0055337895664707e-08,
5.608193909267811e-09,
7.730835527297586e-09,
6.576612143760485e-09,
3.808848791919672e-09,
9.13339803787494e-09,
9.856459648460714e-09,
1.3221263195362098e-08,
9.581074600362172e-09,
7.993134154560266e-09,
1.0721190157880756e-08,
5.995217655652141e-09,
8.087381431209906e-09,
1.4897754141429687e-08,
7.384279410160843e-09,
8.819676544646882e-09,
9.99715688010383e-09,
7.62994289971175e-09,
1.3567374779199781e-08,
1.112582204143564e-08,
6.414322850645249e-09,
7.09592651304547e-09,
9.05446739807303e-09,
1.2429830498206229e-08,
7.496703702258856e-09,
4.809926679172349e-09,
1.0801402439142294e-08,
7.222314746258007e-09,
7.938158574916088e-09,
7.047753491917774e-09,
1.1955001433250345e-08,
5.708182371222392e-09,
5.461417984520267e-09,
6.5586447384191615e-09,
5.504064759520588e-09,
5.213921294711099e-09,
5.352076559717034e-09,
4.2282284340444676e-09,
4.36126601499609e-09,
3.0430959974125926e-09,
3.938364745437184e-09,
2.9244191512844964e-09,
3.062891495986264e-09,
1.3584804392507976e-09,
1.6465875329885193e-09,
2.2888124728837056e-09,
1.655361403507527e-09,
3.398283876521191e-09,
3.7103997652110365e-09,
2.6236355310516046e-09,
2.3802053661370337e-09,
3.3496900808671626e-09,
2.178278668552025e-09,
2.7120961032522928e-09,
2.332072313038225e-09
