0.0,
0.0,
0.0,
0.0,
0.0,
0.0,
0.0,
0.0,
0.0,
0.0,
0.0,
0.0,
0.0,
0.0,
0.0,
0.0,
0.0,
0.0,
0.0,
0.0,
0.0,
0.0,
0.0,
0.0,
0.0,
0.0,
9.832393566000519e-09,
0.0,
0.0,
0.0,
0.0,
0.0,
0.0,
0.0,
0.0,
0.0,
0.0,
0.0,
0.0,
0.0,
0.0,
0.0,
0.0,
0.0,
0.0,
0.0,
0.0,
0.0,
0.0,
0.0,
0.0,
0.0,
0.0,
0.0,
0.0,
0.0,
0.0,
0.0,
0.0,
0.0,
0.0,
0.0,
0.0,
0.0,
0.0,
0.0,
0.0,
0.0,
0.0,
0.0,
0.0,
0.0,
0.0,
0.0,
0.0,
0.0,
0.0,
2.7818500281107106e-10,
0.0,
0.0,
0.0,
0.0,
0.0,
0.0,
0.0,
0.0,
0.0,
0.0,
0.0,
0.0,
0.0,
0.0,
0.0,
1.7706983101994922e-10,
0.0,
0.0,
0.0,
6.18569639954103e-10,
1.481984535089964e-10,
0.0,
0.0,
0.0,
0.0,
0.0,
0.0,
0.0,
0.0,
1.1097617963473638e-10,
0.0,
1.0860490284869684e-10,
1.0255121751789886e-10,
1.9214235758013842e-10,
0.0,
0.0,
0.0,
0.0,
0.0,
0.0,
1.1157105794801225e-10,
0.0,
0.0,
0.0,
9.944022688612719e-11,
0.0,
0.0,
0.0,
0.0,
1.3676056953570992e-09,
2.4155433209216426e-09,
8.023037234572428e-10,
0.0,
7.983320116089487e-10,
4.779015849720736e-09,
5.908344480332062e-09,
5.876194197895757e-09,
4.303070788580499e-09,
9.568036141160974e-09,
3.6173277706552653e-09,
1.3844513091498811e-08,
9.086845942363198e-09,
3.4561322692638896e-09,
5.024769933470452e-09,
7.144585367768741e-09,
8.847089283392506e-09,
1.0231649305580959e-08,
1.1507517605480189e-08,
1.4566808204108384e-08,
2.1115081239031497e-08,
2.194145309886153e-08,
1.8533876655624226e-08,
2.0977688919288084e-08,
1.4483699573020203e-08,
1.3451874281145138e-08,
1.658157522399506e-08,
1.911420888234261e-08,
1.2625578804659199e-08,
1.6363873811542362e-08,
2.5402922432249397e-08,
1.2581010899737066e-08,
1.3952853983312252e-08,
1.293488161024925e-08,
1.3163399259497055e-08,
1.0119369342476148e-08,
1.2896014922603172e-08,
7.248586175734317e-09,
1.0211957501837787e-08,
9.289817803903588e-09,
8.876397394885771e-09,
1.0551652884771556e-08,
6.5244591951341135e-09,
8.605872459099828e-09,
8.741406709589228e-09,
8.985862720578552e-09,
1.1417900402932446e-08,
6.01500538266464e-09,
8.825876918194808e-09,
8.724580169428009e-09,
8.554878583311165e-09,
7.720243999642662e-09,
7.875702756621195e-09,
6.798369867055953e-09,
6.911459404790321e-09,
7.794465517463323e-09,
8.393242545423618e-09,
6.141987807239957e-09,
8.508396653894579e-09,
9.171704284938187e-09,
5.6599569475679345e-09,
6.8868395430854434e-09,
5.174507933247696e-09,
4.400353859068673e-09,
9.461374794739186e-09,
5.913638467802684e-09,
3.308758822484492e-09,
5.1962913971692615e-09,
3.6519867130380135e-09,
4.193324798507092e-09,
3.459664998928247e-09,
3.174404294981059e-09,
2.4703994405683716e-09,
3.342216725599201e-09,
2.5884487886429497e-09,
2.2397999011047887e-09,
2.580637481486292e-09,
1.8812409408042186e-09,
2.593011583229554e-09,
3.1774125552885835e-09,
1.3777070595466512e-09,
2.0520292132175655e-09,
1.657196269100325e-09,
2.216637540186639e-09,
2.1481783019083878e-09,
3.42680905873749e-09,
2.292581902096913e-09,
1.8523164113659618e-09,
1.270886063053922e-09,
2.7343725061967916e-09,
1.673031491122856e-09,
2.204852522780243e-09,
1.7085666215166384e-09
