1.1111703202004719e-07,
8.101193493814662e-09,
4.2053871496250395e-09,
2.0171532000290426e-08,
3.57542155882129e-08,
4.8622201376247176e-08,
1.4741997844680554e-08,
2.7762057541735885e-08,
3.453710917256103e-08,
5.429551919178266e-09,
3.661371650309775e-08,
3.295084738397236e-08,
5.065894814748617e-09,
7.627817488753408e-09,
9.844125514746338e-09,
1.336766253245969e-08,
4.073567261286826e-09,
4.534391706556562e-08,
6.7599250641592334e-09,
1.0649672255169662e-08,
9.595463978939733e-09,
1.2532440862855765e-08,
4.103119977116876e-08,
5.3652485121347127e-08,
1.4398076508825852e-08,
6.026338184028646e-08,
6.686028086733131e-08,
4.881968607151066e-08,
5.140642400647266e-08,
4.728079971982879e-08,
5.92915334607369e-08,
7.02797677831768e-08,
4.1813194684436894e-08,
1.3542775434416399e-07,
5.007022352288004e-08,
1.1563296453687144e-07,
8.429278608446111e-08,
6.104924210603713e-08,
9.559686020566005e-08,
9.194994277095248e-08,
6.992959100671214e-08,
8.495055681123631e-08,
1.124596522572574e-07,
7.089963816042655e-08,
1.2735925736251374e-07,
9.578431559020828e-08,
1.41837702472003e-07,
1.234147219975057e-07,
8.128781558980336e-08,
1.2144056427132455e-07,
1.1072618377738763e-07,
1.4700046335747174e-07,
1.2000037941106712e-07,
1.1065235838714216e-07,
1.1017505840982267e-07,
1.327241250237421e-07,
1.7904216065289802e-07,
1.4953600668832223e-07,
1.5068002312546014e-07,
1.607259321190213e-07,
1.8329512840864481e-07,
1.44757635212045e-07,
1.7529384876979748e-07,
1.5029219468942756e-07,
2.1628750346280867e-07,
1.6654190915232903e-07,
1.1094283536294824e-07,
1.348333285022818e-07,
1.5417376175719255e-07,
1.4678705895221356e-07,
1.4035406081802648e-07,
1.8350390007526585e-07,
1.5046595081003034e-07,
1.9749768398469314e-07,
2.0620754526134988e-07,
1.590973965903686e-07,
1.4390329283742176e-07,
1.3714520719076972e-07,
1.7578406641405309e-07,
1.7280058273172472e-07,
1.5731747282643482e-07,
1.7017833897625678e-07,
1.7621002257328655e-07,
2.0787672383448808e-07,
1.7345294622828078e-07,
1.9555939445581316e-07,
2.0956802870841784e-07,
1.8752002972632908e-07,
1.9788070915183198e-07,
1.755463614472319e-07,
1.8802151657837385e-07,
1.852395001833429e-07,
2.0444703352495708e-07,
2.1230673041827686e-07,
1.916026093340406e-07,
2.098396407745895e-07,
2.1777138670131535e-07,
2.0381870058372442e-07,
2.3311616814680747e-07,
2.4839891921146773e-07,
2.2678503341921896e-07,
1.8977956983690092e-07,
2.093506452638394e-07,
2.0960094104793825e-07,
1.8593304673686362e-07,
1.9344749091487756e-07,
1.9235359616232017e-07,
1.761192010008017e-07,
1.810107477240308e-07,
1.8441112104028434e-07,
1.7925952988662175e-07,
1.768670472301892e-07,
1.76631189674481e-07,
1.648734553327813e-07,
1.778831659748903e-07,
1.369196098721659e-07,
1.8926155576082238e-07,
1.6145374104326038e-07,
1.6166646332749224e-07,
1.6868622765287e-07,
1.7411080932561163e-07,
1.6558844606606726e-07,
1.946045244949346e-07,
1.8238820587157534e-07,
1.721836042634095e-07,
1.7954073427972617e-07,
1.6912412093006424e-07,
2.0428609559530742e-07,
1.723087592608863e-07,
1.8886228758674406e-07,
1.7349383085729642e-07,
1.5886807602782937e-07,
1.628405357223528e-07,
1.6695837246061274e-07,
1.5076111026246508e-07,
1.5507605155562487e-07,
1.641161588850082e-07,
1.6262248436760274e-07,
1.404673639626708e-07,
1.338111275117626e-07,
1.3007624488636793e-07,
1.1663556875873837e-07,
1.322619596066943e-07,
1.1374828545740456e-07,
1.3011569421905733e-07,
1.396594200286927e-07,
1.426646178970259e-07,
1.378456317979726e-07,
1.1456854309699338e-07,
1.1259329824042652e-07,
1.1149467837867633e-07,
1.1706659819310516e-07,
1.1761461848891486e-07,
1.0387172721948446e-07,
1.2986077990717604e-07,
1.0836040331696495e-07,
1.0169762987288777e-07,
1.0476165357431455e-07,
1.0744589218347755e-07,
8.946796015152358e-08,
1.030330238904753e-07,
1.0255787685764517e-07,
9.29717032249755e-08,
9.420019608796792e-08,
8.674666673869069e-08,
9.44070492892024e-08,
9.366077335926093e-08,
1.0116574600260719e-07,
9.317541582731792e-08,
9.934412048551167e-08,
8.77303705237864e-08,
8.406629348201022e-08,
8.344913027258372e-08,
8.274908935845815e-08,
8.40221048292733e-08,
7.456344519596314e-08,
7.597896001243498e-08,
7.88759777492487e-08,
8.106256643714005e-08,
8.044467847412307e-08,
8.512008520256131e-08,
8.796403250244111e-08,
8.738904000438197e-08,
9.281938417871061e-08,
1.0323880417217879e-07,
9.312543625128455e-08,
1.0389416615907976e-07,
1.0373157266485578e-07,
1.0953112905554008e-07,
1.1383917097873564e-07,
1.056084855122208e-07,
1.1208089745196048e-07,
1.1319728798753204e-07,
1.150609207911657e-07,
1.1965265400704084e-07,
1.2104999314033194e-07,
1.2773860191828135e-07,
1.2627778289697744e-07,
1.3153658073861152e-07,
1.382541370276158e-07,
1.6223845022977912e-07,
1.7160606091692898e-07,
1.710220089989889e-07,
1.748290969771915e-07,
2.0061835925844207e-07,
1.9917334270758147e-07,
2.1833879770838394e-07,
2.4766933393038926e-07,
2.9090119824104477e-07,
3.2499059443580336e-07,
3.51543690157996e-07,
4.19672545604044e-07,
3.806952406648634e-07,
3.758114814900182e-07,
4.743879742363788e-07,
4.252982819252793e-07,
3.949482731968601e-07,
4.667030566452013e-07,
4.582291808219452e-07,
4.3235496605120716e-07