0.0,
0.0,
0.0,
0.0,
0.0,
0.0,
0.0,
0.0,
0.0,
0.0,
0.0,
0.0,
0.0,
0.0,
0.0,
0.0,
0.0,
0.0,
0.0,
0.0,
0.0,
0.0,
0.0,
0.0,
0.0,
0.0,
0.0,
0.0,
0.0,
0.0,
0.0,
0.0,
0.0,
0.0,
0.0,
0.0,
0.0,
0.0,
0.0,
0.0,
0.0,
0.0,
0.0,
0.0,
0.0,
0.0,
0.0,
0.0,
0.0,
0.0,
0.0,
0.0,
0.0,
0.0,
0.0,
0.0,
0.0,
0.0,
0.0,
0.0,
0.0,
0.0,
0.0,
0.0,
0.0,
0.0,
0.0,
0.0,
0.0,
0.0,
0.0,
0.0,
0.0,
0.0,
0.0,
0.0,
0.0,
0.0,
0.0,
0.0,
0.0,
0.0,
0.0,
0.0,
0.0,
0.0,
0.0,
0.0,
0.0,
0.0,
0.0,
0.0,
0.0,
0.0,
0.0,
0.0,
0.0,
0.0,
0.0,
0.0,
0.0,
0.0,
0.0,
0.0,
0.0,
0.0,
0.0,
0.0,
0.0,
0.0,
0.0,
0.0,
0.0,
0.0,
0.0,
0.0,
0.0,
0.0,
0.0,
0.0,
0.0,
0.0,
0.0,
0.0,
0.0,
0.0,
0.0,
0.0,
0.0,
0.0,
3.1833730096408885e-10,
1.596664050973473e-10,
0.0,
0.0,
0.0,
0.0,
0.0,
0.0,
0.0,
0.0,
3.141938376138853e-10,
0.0,
0.0,
0.0,
0.0,
0.0,
0.0,
0.0,
0.0,
0.0,
0.0,
1.1969999991201519e-10,
0.0,
0.0,
0.0,
0.0,
0.0,
2.0322338256661965e-10,
1.0145976420128378e-10,
9.427603836487108e-11,
1.7841216004566007e-10,
0.0,
3.162302919523796e-10,
2.223450867866461e-10,
1.5757796456572493e-10,
0.0,
0.0,
6.295317045434956e-11,
0.0,
0.0,
2.4765101080959084e-10,
0.0,
0.0,
1.8415968749962985e-10,
0.0,
1.2173623220590457e-10,
0.0,
0.0,
0.0,
5.625501800499144e-11,
0.0,
2.284780004080389e-10,
0.0,
5.4857791920159826e-11,
0.0,
0.0,
0.0,
1.0290830687598174e-10,
5.0638524623503045e-11,
9.671977108105523e-11,
0.0,
2.425993295140927e-10,
2.793844877668761e-10,
0.0,
0.0,
8.907284632098111e-11,
0.0,
0.0,
1.788396791768676e-10,
0.0,
2.4160601297396056e-10,
4.044451232254609e-11,
3.796270936495816e-11,
3.634700526666812e-11,
0.0,
0.0,
0.0,
7.06516442572358e-11,
0.0,
0.0,
0.0,
3.7037557049091063e-11,
5.808150835284742e-11,
2.865727377621141e-10,
1.2998711829137477e-10,
7.475800534173516e-11,
7.491431780470847e-11,
1.4548100224498484e-10,
0.0,
0.0
