0.0,
0.0,
0.0,
0.0,
0.0,
0.0,
0.0,
0.0,
0.0,
0.0,
0.0,
0.0,
0.0,
0.0,
0.0,
0.0,
0.0,
0.0,
0.0,
0.0,
0.0,
0.0,
0.0,
0.0,
0.0,
0.0,
0.0,
0.0,
0.0,
0.0,
0.0,
0.0,
0.0,
0.0,
0.0,
0.0,
0.0,
0.0,
0.0,
0.0,
0.0,
0.0,
0.0,
0.0,
0.0,
0.0,
0.0,
0.0,
0.0,
0.0,
0.0,
0.0,
0.0,
0.0,
0.0,
0.0,
0.0,
0.0,
0.0,
0.0,
0.0,
0.0,
0.0,
0.0,
0.0,
0.0,
0.0,
0.0,
0.0,
0.0,
0.0,
0.0,
0.0,
0.0,
0.0,
0.0,
0.0,
0.0,
0.0,
0.0,
0.0,
0.0,
0.0,
0.0,
0.0,
0.0,
0.0,
0.0,
0.0,
0.0,
0.0,
0.0,
0.0,
0.0,
0.0,
0.0,
0.0,
0.0,
0.0,
0.0,
0.0,
0.0,
0.0,
0.0,
0.0,
0.0,
0.0,
0.0,
0.0,
0.0,
0.0,
0.0,
0.0,
0.0,
0.0,
0.0,
0.0,
0.0,
0.0,
0.0,
2.9328042772114316e-10,
0.0,
0.0,
0.0,
0.0,
0.0,
0.0,
0.0,
0.0,
0.0,
0.0,
0.0,
0.0,
0.0,
0.0,
1.6550272263771149e-10,
1.6217011067354292e-10,
0.0,
7.777816724008346e-10,
0.0,
0.0,
0.0,
0.0,
0.0,
0.0,
0.0,
0.0,
2.655985154031981e-10,
1.3138594379125124e-10,
0.0,
0.0,
0.0,
1.1904313645949571e-10,
3.553194960481676e-10,
2.3168737761647407e-10,
0.0,
5.491233023846576e-10,
1.0161169128330982e-10,
4.058390568051351e-10,
2.8282812203350716e-10,
8.920608002283004e-11,
2.499379592180162e-10,
4.743454518063572e-10,
0.0,
6.303118582628997e-10,
3.570614637293801e-10,
3.466349707270666e-10,
1.0702039254795181e-09,
6.170557398377241e-10,
1.2310300001594499e-10,
4.33389268916784e-10,
1.1779199837747e-09,
1.8851459282487326e-10,
9.821849999980259e-10,
7.5187567283308e-10,
4.26076812720666e-10,
3.466720799316647e-10,
3.421951333404394e-10,
5.108984901802671e-10,
1.125100346222041e-09,
1.011327799282924e-09,
3.998364972446211e-10,
2.844695312642642e-10,
6.582935307974935e-10,
9.613546625431013e-10,
2.594023329471895e-10,
3.627227684876999e-10,
3.6017908100483e-10,
3.038311546799122e-10,
1.9343954216211046e-10,
1.8724909123246647e-10,
9.70397373567522e-11,
3.725126596076933e-10,
2.796134157545538e-10,
1.8393951639605888e-10,
1.3360926254257777e-10,
9.01790309093542e-11,
8.1939438567602e-10,
3.1296942815117745e-10,
3.529141978653172e-10,
5.234797040287731e-10,
2.831115897272696e-10,
2.2777625618974895e-10,
2.1808202466111481e-10,
6.744070857322981e-10,
3.757987809827057e-10,
4.693904709363039e-10,
5.652131540578864e-10,
6.956030890181708e-11,
1.4410402038311787e-10,
3.75701275645568e-10,
3.7037556355201673e-10,
4.06570555000485e-10,
3.1523000876276797e-10,
2.274774535404589e-10,
2.6165303257386086e-10,
0.0,
1.0911074821429168e-10,
4.1816169971120587e-10,
3.942846049653781e-10
