0.0,
0.0,
0.0,
0.0,
0.0,
0.0,
0.0,
0.0,
0.0,
0.0,
0.0,
0.0,
0.0,
0.0,
0.0,
0.0,
0.0,
0.0,
0.0,
0.0,
0.0,
0.0,
0.0,
1.3420390195964923e-10,
1.3420390195964923e-10,
1.3420390195964923e-10,
1.3420390195964923e-10,
1.3420390195964923e-10,
1.3420390195964923e-10,
1.3420390195964923e-10,
0.0,
0.0,
0.0,
0.0,
0.0,
0.0,
0.0,
0.0,
0.0,
0.0,
0.0,
0.0,
0.0,
0.0,
0.0,
0.0,
0.0,
0.0,
0.0,
0.0,
0.0,
0.0,
0.0,
0.0,
0.0,
0.0,
0.0,
0.0,
0.0,
0.0,
0.0,
0.0,
0.0,
0.0,
0.0,
0.0,
0.0,
0.0,
0.0,
0.0,
0.0,
0.0,
0.0,
0.0,
3.785038552425338e-11,
3.785038552425338e-11,
3.785038552425338e-11,
3.785038552425338e-11,
3.785038552425338e-11,
3.785038552425338e-11,
3.785038552425338e-11,
0.0,
0.0,
0.0,
0.0,
0.0,
0.0,
0.0,
0.0,
2.4886029744867042e-11,
2.4886029744867042e-11,
2.4886029744867042e-11,
2.4886029744867042e-11,
2.4886029744867042e-11,
2.4886029744867042e-11,
2.4886029744867042e-11,
0.0,
0.0,
0.0,
0.0,
0.0,
0.0,
0.0,
0.0,
0.0,
0.0,
0.0,
0.0,
0.0,
0.0,
0.0,
0.0,
0.0,
0.0,
4.166068284001361e-11,
1.3252943980341618e-10,
1.8974894274873374e-10,
1.8974894274873374e-10,
2.990371561484295e-10,
3.2603395182041947e-10,
3.4805842930030195e-10,
3.864477210457906e-10,
3.185038819987694e-10,
2.846072346050578e-10,
3.3099056432181074e-10,
4.6197986309464463e-10,
9.35497268935873e-10,
1.043014581449318e-09,
1.006255354834324e-09,
9.833304369179429e-10,
9.600075813663368e-10,
1.0382315681781558e-09,
9.102797999498741e-10,
4.3177326595042077e-10,
4.08935423222369e-10,
6.612467577461954e-10,
1.3774293630300756e-09,
1.526632156007806e-09,
1.567322139136732e-09,
1.5496416550757936e-09,
1.576673831176529e-09,
1.5486377022025773e-09,
1.324128378372385e-09,
7.303594713141998e-10,
7.436148522340805e-10,
9.35157253221876e-10,
1.2023929629734198e-09,
2.885004386181984e-09,
3.3426577141147463e-09,
3.9506620514678e-09,
4.712815947018254e-09,
4.959499192277608e-09,
5.795549468905798e-09,
7.223534786200097e-09,
6.803156133677086e-09,
7.424671607684072e-09,
8.488399824305556e-09,
9.991983875222234e-09,
1.2560585968149748e-08,
1.3925725461660932e-08,
1.3666811428590466e-08,
1.4593156905107207e-08,
1.8016516659510477e-08,
1.9902522677536386e-08,
2.0690605673223672e-08,
2.1110219223479428e-08,
2.2436378469389443e-08,
2.4280995499939958e-08,
2.5744819609485603e-08,
2.404375619237596e-08,
2.3477864224170323e-08,
2.368465119267122e-08,
2.362369525396194e-08,
2.3911800793387428e-08,
2.3397443220980156e-08,
2.2626201103191435e-08,
2.3346477513135662e-08,
2.3620506693435217e-08,
2.425031908614983e-08,
2.5614024679043723e-08,
2.6294675896971446e-08,
2.7621069875749527e-08,
2.9138603403160753e-08,
3.0888297126401605e-08,
3.23127901578703e-08,
3.348249347620172e-08,
3.2711421634904325e-08,
3.232483664865933e-08,
3.370278887717047e-08,
3.33061344852987e-08,
3.406961722264766e-08,
3.4210940620076665e-08,
3.30073477121979e-08,
3.3082011289106306e-08,
3.271481041622337e-08,
3.0787536076104516e-08,
3.140020662531892e-08,
2.8161944903055362e-08,
2.627348472117319e-08,
2.58825971448979e-08,
2.518198906541004e-08,
2.3773312715239366e-08,
2.263614641760471e-08,
2.0277526959132175e-08,
1.9133193442298435e-08,
1.7572016730582618e-08,
1.507678439237127e-08,
1.2606453912513059e-08,
1.085182845171419e-08,
1.070701248297366e-08,
1.0385698840614005e-08,
9.836446514453558e-09,
9.672364940728682e-09,
9.50605048645668e-09,
9.819233109149245e-09,
1.0665609982498024e-08,
9.647870692828877e-09,
8.94139636405574e-09,
9.075242068945499e-09,
9.088186203598525e-09