    1.000000       0.000000    
   0.9984256      0.1138570E-02
   0.9964728      0.2421019E-02
   0.9943499      0.3663968E-02
   0.9920263      0.4857974E-02
   0.9894627      0.5991930E-02
   0.9866197      0.7072292E-02
   0.9834622      0.8126066E-02
   0.9799616      0.9196185E-02
   0.9760882      0.1031222E-01
   0.9717867      0.1146817E-01
   0.9669747      0.1265787E-01
   0.9615512      0.1389332E-01
   0.9554203      0.1519296E-01
   0.9485012      0.1656355E-01
   0.9407341      0.1799943E-01
   0.9321092      0.1947208E-01
   0.9226734      0.2093536E-01
   0.9125370      0.2234250E-01
   0.9018561      0.2361522E-01
   0.8906762      0.2465943E-01
   0.8789159      0.2546163E-01
   0.8664526      0.2606562E-01
   0.8532921      0.2657266E-01
   0.8395555      0.2701167E-01
   0.8253391      0.2740811E-01
   0.8107587      0.2778990E-01
   0.7959450      0.2817562E-01
   0.7810001      0.2856483E-01
   0.7659895      0.2895578E-01
   0.7509495      0.2934932E-01
   0.7358757      0.2974839E-01
   0.7207749      0.3014782E-01
   0.7056583      0.3054765E-01
   0.6905332      0.3094782E-01
   0.6754029      0.3134792E-01
   0.6602696      0.3174805E-01
   0.6451346      0.3214831E-01
   0.6299986      0.3254862E-01
   0.6148618      0.3294891E-01
   0.5997247      0.3334922E-01
   0.5845873      0.3374956E-01
   0.5694498      0.3414991E-01
   0.5543123      0.3455025E-01
   0.5391747      0.3495058E-01
   0.5240372      0.3535087E-01
   0.5088997      0.3575120E-01
   0.4937621      0.3615155E-01
   0.4786246      0.3655190E-01
   0.4634872      0.3695221E-01
   0.4483498      0.3735254E-01
   0.4332124      0.3775290E-01
   0.4180752      0.3815323E-01
   0.4029383      0.3855351E-01
   0.3878016      0.3895380E-01
   0.3726654      0.3935414E-01
   0.3575300      0.3975445E-01
   0.3423963      0.4015460E-01
   0.3272647      0.4055474E-01
   0.3121367      0.4095479E-01
   0.2970157      0.4135468E-01
   0.2819072      0.4175421E-01
   0.2668158      0.4215194E-01
   0.2517320      0.4254620E-01
   0.2366656      0.4294016E-01
   0.2216414      0.4333300E-01
   0.2066999      0.4372364E-01
   0.1919080      0.4411030E-01
   0.1773758      0.4449012E-01
   0.1632727      0.4485891E-01
   0.1498290      0.4521064E-01
   0.1373007      0.4553440E-01
   0.1258884      0.4584766E-01
   0.1154767      0.4585622E-01
   0.1056386      0.4542252E-01
   0.9620044E-01  0.4464482E-01
   0.8717434E-01  0.4360751E-01
   0.7862177E-01  0.4236893E-01
   0.7061319E-01  0.4098208E-01
   0.6320384E-01  0.3949398E-01
   0.5641853E-01  0.3794205E-01
   0.5025028E-01  0.3635343E-01
   0.4466821E-01  0.3474502E-01
   0.3962731E-01  0.3312722E-01
   0.3507658E-01  0.3150369E-01
   0.3096180E-01  0.2987768E-01
   0.2723355E-01  0.2825484E-01
   0.2384957E-01  0.2664033E-01
   0.2078028E-01  0.2502813E-01
   0.1800029E-01  0.2340879E-01
   0.1548333E-01  0.2177720E-01
   0.1320380E-01  0.2013541E-01
   0.1113709E-01  0.1848639E-01
   0.9260831E-02  0.1683116E-01
   0.7559696E-02  0.1516820E-01
   0.6034018E-02  0.1349377E-01
   0.4686741E-02  0.1180840E-01
   0.3518528E-02  0.1011620E-01
   0.2526836E-02  0.8423719E-02
   0.1707686E-02  0.6744487E-02
   0.1054182E-02  0.5089126E-02
   0.5579830E-03  0.3458674E-02
   0.2129082E-03  0.1848209E-02
   0.1694606E-04  0.2487989E-03
  -0.2821941E-04 -0.1351734E-02
   0.7289620E-04 -0.2965211E-02
   0.3171896E-03 -0.4600127E-02
   0.7065456E-03 -0.6261657E-02
   0.1246371E-02 -0.7950786E-02
   0.1943761E-02 -0.9662173E-02
   0.2804822E-02 -0.1138240E-01
   0.3834648E-02 -0.1310065E-01
   0.5037182E-02 -0.1480938E-01
   0.6414870E-02 -0.1650162E-01
   0.7969527E-02 -0.1817165E-01
   0.9705249E-02 -0.1981663E-01
   0.1163443E-01 -0.2143917E-01
   0.1377217E-01 -0.2304316E-01
   0.1613243E-01 -0.2463220E-01
   0.1872741E-01 -0.2620811E-01
   0.2157693E-01 -0.2776822E-01
   0.2470474E-01 -0.2930976E-01
   0.2813830E-01 -0.3083140E-01
   0.3191405E-01 -0.3232953E-01
   0.3607323E-01 -0.3379893E-01
   0.4066080E-01 -0.3523242E-01
   0.4572745E-01 -0.3661987E-01
   0.5132789E-01 -0.3794812E-01
   0.5752492E-01 -0.3919724E-01
   0.6438911E-01 -0.4035119E-01
   0.7198524E-01 -0.4139925E-01
   0.8036182E-01 -0.4231649E-01
   0.8958641E-01 -0.4305109E-01
   0.9981999E-01 -0.4360748E-01
   0.1111232     -0.4406033E-01
   0.1234449     -0.4443331E-01
   0.1367075     -0.4477972E-01
   0.1506538     -0.4514512E-01
   0.1650390     -0.4552118E-01
   0.1796566     -0.4590341E-01
   0.1943401     -0.4628729E-01
   0.2089366     -0.4666889E-01
   0.2232743     -0.4704374E-01
   0.2371355     -0.4740618E-01
   0.2502519     -0.4774917E-01
   0.2623460     -0.4806466E-01
   0.2732081     -0.4835266E-01
   0.2827773     -0.4859654E-01
   0.2911101     -0.4882539E-01
   0.2984255     -0.4907161E-01
   0.3049125     -0.4904521E-01
   0.3107227     -0.4922546E-01
   0.3163171     -0.5039112E-01
   0.3223208     -0.5249883E-01
   0.3289110     -0.5503157E-01
   0.3358526     -0.5779231E-01
   0.3431542     -0.6054483E-01
   0.3509516     -0.6312466E-01
   0.3591369     -0.6558358E-01
   0.3675542     -0.6781574E-01
   0.3761752     -0.6972930E-01
   0.3850279     -0.7127920E-01
   0.3941609     -0.7244395E-01
   0.4036765     -0.7309106E-01
   0.4142069     -0.7336043E-01
   0.4259560     -0.7367921E-01
   0.4387816     -0.7401601E-01
   0.4524488     -0.7437705E-01
   0.4666934     -0.7475328E-01
   0.4812939     -0.7513907E-01
   0.4960908     -0.7553019E-01
   0.5109708     -0.7592354E-01
   0.5258437     -0.7631676E-01
   0.5406179     -0.7670745E-01
   0.5551799     -0.7709010E-01
   0.5693747     -0.7745001E-01
   0.5830619     -0.7773685E-01
   0.5961616     -0.7791297E-01
   0.6086193     -0.7793269E-01
   0.6203998     -0.7778451E-01
   0.6314426     -0.7745062E-01
   0.6417401     -0.7691943E-01
   0.6512744     -0.7623289E-01
   0.6599938     -0.7543007E-01
   0.6678901     -0.7454224E-01
   0.6749826     -0.7359487E-01
   0.6813399     -0.7260127E-01
   0.6870282     -0.7158217E-01
   0.6921043     -0.7053518E-01
   0.6966601     -0.6943021E-01
   0.7007949     -0.6828005E-01
   0.7045644     -0.6714072E-01
   0.7079832     -0.6602055E-01
   0.7110334     -0.6477347E-01
   0.7137317     -0.6328490E-01
   0.7161948     -0.6174029E-01
   0.7186007     -0.6048758E-01
   0.7211128     -0.5979438E-01
   0.7238255     -0.5965952E-01
   0.7267796     -0.5990881E-01
   0.7300053     -0.6033755E-01
   0.7334982     -0.6065864E-01
   0.7372696     -0.6076702E-01
   0.7413832     -0.6076144E-01
   0.7459519     -0.6081150E-01
   0.7511123     -0.6096828E-01
   0.7569988     -0.6115321E-01
   0.7637433     -0.6132002E-01
   0.7714927     -0.6151986E-01
   0.7803464     -0.6175245E-01
   0.7902726     -0.6201018E-01
   0.8010469     -0.6229183E-01
   0.8122425     -0.6258338E-01
   0.8232946     -0.6282633E-01
   0.8339114     -0.6278043E-01
   0.8442531     -0.6231110E-01
   0.8545417     -0.6138266E-01
   0.8649427     -0.6002586E-01
   0.8756157     -0.5824411E-01
   0.8865966     -0.5617367E-01
   0.8976861     -0.5390389E-01
   0.9086348     -0.5151206E-01
   0.9191735     -0.4906253E-01
   0.9290831     -0.4662189E-01
   0.9381905     -0.4425521E-01
   0.9464095     -0.4201156E-01
   0.9537254     -0.3992338E-01
   0.9601871     -0.3799528E-01
   0.9658819     -0.3621354E-01
   0.9709102     -0.3455677E-01
   0.9753707     -0.3300341E-01
   0.9793508     -0.3153632E-01
   0.9829226     -0.3014285E-01
   0.9861421     -0.2880754E-01
   0.9890530     -0.2751266E-01
   0.9916944     -0.2624611E-01
   0.9941029     -0.2500340E-01
   0.9963126     -0.2378576E-01
   0.9983516     -0.2259360E-01
    1.000000     -0.2157996E-01
