    1.000000       0.000000    
   0.9962938      0.6187687E-02
   0.9891659      0.1061299E-01
   0.9803928      0.1340132E-01
   0.9712401      0.1549804E-01
   0.9617165      0.1695729E-01
   0.9520223      0.1795621E-01
   0.9422187      0.1858357E-01
   0.9323514      0.1890764E-01
   0.9224367      0.1902765E-01
   0.9124915      0.1909003E-01
   0.9025301      0.1915545E-01
   0.8925608      0.1921931E-01
   0.8825874      0.1928433E-01
   0.8726122      0.1934909E-01
   0.8626364      0.1941426E-01
   0.8526606      0.1947771E-01
   0.8426846      0.1954029E-01
   0.8327081      0.1960495E-01
   0.8227312      0.1966913E-01
   0.8127543      0.1973342E-01
   0.8027773      0.1979769E-01
   0.7928004      0.1986199E-01
   0.7828238      0.1992608E-01
   0.7728475      0.1999180E-01
   0.7628714      0.2005584E-01
   0.7528952      0.2012085E-01
   0.7429189      0.2018505E-01
   0.7329423      0.2024944E-01
   0.7229656      0.2031340E-01
   0.7129886      0.2037713E-01
   0.7030115      0.2044128E-01
   0.6930343      0.2050570E-01
   0.6830571      0.2057023E-01
   0.6730799      0.2063471E-01
   0.6631027      0.2069903E-01
   0.6531254      0.2076329E-01
   0.6431482      0.2082756E-01
   0.6331709      0.2089182E-01
   0.6231936      0.2095608E-01
   0.6132163      0.2102034E-01
   0.6032391      0.2108460E-01
   0.5932618      0.2114886E-01
   0.5832845      0.2121312E-01
   0.5733072      0.2127738E-01
   0.5633299      0.2134163E-01
   0.5533527      0.2140589E-01
   0.5433754      0.2147016E-01
   0.5333981      0.2153444E-01
   0.5234208      0.2159874E-01
   0.5134436      0.2166305E-01
   0.5034663      0.2172738E-01
   0.4934890      0.2179170E-01
   0.4835117      0.2185604E-01
   0.4735345      0.2192037E-01
   0.4635572      0.2198471E-01
   0.4535799      0.2204904E-01
   0.4436026      0.2211336E-01
   0.4336254      0.2217768E-01
   0.4236481      0.2224198E-01
   0.4136708      0.2230627E-01
   0.4036936      0.2237054E-01
   0.3937163      0.2243480E-01
   0.3837390      0.2249903E-01
   0.3737617      0.2256324E-01
   0.3637845      0.2262743E-01
   0.3538072      0.2269158E-01
   0.3438300      0.2275570E-01
   0.3338527      0.2281977E-01
   0.3238755      0.2288391E-01
   0.3138983      0.2294822E-01
   0.3039210      0.2301248E-01
   0.2939438      0.2307675E-01
   0.2839665      0.2314102E-01
   0.2739892      0.2320528E-01
   0.2640120      0.2326955E-01
   0.2540348      0.2333382E-01
   0.2440577      0.2339808E-01
   0.2340807      0.2346246E-01
   0.2241037      0.2352571E-01
   0.2141265      0.2358895E-01
   0.2041493      0.2365218E-01
   0.1941721      0.2371540E-01
   0.1841948      0.2377863E-01
   0.1742176      0.2384184E-01
   0.1642404      0.2390506E-01
   0.1542632      0.2396828E-01
   0.1442861      0.2403150E-01
   0.1343093      0.2409472E-01
   0.1243331      0.2415795E-01
   0.1143580      0.2422117E-01
   0.1043853      0.2428449E-01
   0.9441779E-01  0.2434750E-01
   0.8446086E-01  0.2441162E-01
   0.7452538E-01  0.2447102E-01
   0.6463197E-01  0.2454810E-01
   0.5481183E-01  0.2449381E-01
   0.4510324E-01  0.2390021E-01
   0.3555961E-01  0.2260048E-01
   0.2630096E-01  0.2057896E-01
   0.1753681E-01  0.1766654E-01
   0.9667630E-02  0.1366517E-01
   0.3351950E-02  0.8148415E-02
   0.7195727E-04  0.1228939E-02
   0.1917174E-02 -0.5748549E-02
   0.7851036E-02 -0.1143389E-01
   0.1580406E-01 -0.1495205E-01
   0.2462572E-01 -0.1734635E-01
   0.3395683E-01 -0.1889044E-01
   0.4356068E-01 -0.1986155E-01
   0.5331438E-01 -0.2038771E-01
   0.6316315E-01 -0.2054212E-01
   0.7307883E-01 -0.2059959E-01
   0.8302603E-01 -0.2066343E-01
   0.9298901E-01 -0.2072637E-01
   0.1029595     -0.2078961E-01
   0.1129335     -0.2085277E-01
   0.1229093     -0.2091600E-01
   0.1328858     -0.2097927E-01
   0.1428628     -0.2104256E-01
   0.1528399     -0.2110585E-01
   0.1628170     -0.2116915E-01
   0.1727942     -0.2123245E-01
   0.1827713     -0.2129575E-01
   0.1927481     -0.2135903E-01
   0.2027245     -0.2142228E-01
   0.2126999     -0.2148551E-01
   0.2226731     -0.2154869E-01
   0.2326420     -0.2161182E-01
   0.2426016     -0.2167471E-01
   0.2525421     -0.2173919E-01
   0.2624451     -0.2179986E-01
   0.2722669     -0.2187693E-01
   0.2819643     -0.2188717E-01
   0.2913380     -0.2212029E-01
   0.3005582     -0.2173406E-01
   0.3089154     -0.2232772E-01
   0.3156439     -0.2765802E-01
   0.3229189     -0.3302643E-01
   0.3302943     -0.3860332E-01
   0.3376550     -0.4467414E-01
   0.3454502     -0.5028766E-01
   0.3537628     -0.5520947E-01
   0.3624966     -0.5940548E-01
   0.3715739     -0.6284634E-01
   0.3809357     -0.6549624E-01
   0.3904973     -0.6752105E-01
   0.4001426     -0.6904957E-01
   0.4099030     -0.6969556E-01
   0.4197560     -0.6979783E-01
   0.4296674     -0.6986059E-01
   0.4396109     -0.6992517E-01
   0.4495715     -0.6998801E-01
   0.4595408     -0.7005238E-01
   0.4695142     -0.7011652E-01
   0.4794896     -0.7018075E-01
   0.4894660     -0.7024494E-01
   0.4994429     -0.7030912E-01
   0.5094200     -0.7037329E-01
   0.5193971     -0.7043744E-01
   0.5293742     -0.7050156E-01
   0.5393513     -0.7056568E-01
   0.5493281     -0.7062968E-01
   0.5593045     -0.7069386E-01
   0.5692802     -0.7075823E-01
   0.5792543     -0.7082280E-01
   0.5892252     -0.7088160E-01
   0.5991926     -0.7091516E-01
   0.6091566     -0.7091147E-01
   0.6191170     -0.7086111E-01
   0.6290733     -0.7075329E-01
   0.6390245     -0.7057878E-01
   0.6489690     -0.7032756E-01
   0.6589036     -0.6998675E-01
   0.6688230     -0.6953654E-01
   0.6787198     -0.6894801E-01
   0.6885806     -0.6818163E-01
   0.6983834     -0.6715834E-01
   0.7081056     -0.6584929E-01
   0.7176964     -0.6426082E-01
   0.7270611     -0.6235309E-01
   0.7360668     -0.6017059E-01
   0.7443721     -0.5754229E-01
   0.7519440     -0.5453522E-01
   0.7582104     -0.5178841E-01
   0.7625306     -0.4619839E-01
   0.7653368     -0.3579956E-01
   0.7664055     -0.2622671E-01
   0.7664925     -0.2454373E-01
   0.7664695     -0.2602073E-01
   0.7664503     -0.2828454E-01
   0.7664426     -0.3059217E-01
   0.7664468     -0.3276397E-01
   0.7664623     -0.3474939E-01
   0.7664888     -0.3653307E-01
   0.7665262     -0.3810976E-01
   0.7665746     -0.3947599E-01
   0.7666345     -0.4062687E-01
   0.7667064     -0.4155423E-01
   0.7667916     -0.4224523E-01
   0.7668914     -0.4268054E-01
   0.7670082     -0.4283157E-01
   0.7671452     -0.4265881E-01
   0.7673095     -0.4215083E-01
   0.7675127     -0.4131917E-01
   0.7677715     -0.4016749E-01
   0.7681111     -0.3869445E-01
   0.7685720     -0.3690210E-01
   0.7692232     -0.3482078E-01
   0.7701817     -0.3257698E-01
   0.7715936     -0.3033013E-01
   0.7735987     -0.2822332E-01
   0.7762781     -0.2647918E-01
   0.7795840     -0.2532145E-01
   0.7834577     -0.2485852E-01
   0.7880949     -0.2498954E-01
   0.7938165     -0.2529553E-01
   0.8006596     -0.2529822E-01
   0.8084500     -0.2529900E-01
   0.8171160     -0.2538147E-01
   0.8263809     -0.2543396E-01
   0.8359871     -0.2549703E-01
   0.8457823     -0.2556023E-01
   0.8556704     -0.2562439E-01
   0.8656047     -0.2568901E-01
   0.8755602     -0.2575372E-01
   0.8855241     -0.2581860E-01
   0.8954886     -0.2588315E-01
   0.9054469     -0.2595042E-01
   0.9153895     -0.2601407E-01
   0.9252989     -0.2607616E-01
   0.9351520     -0.2594867E-01
   0.9449250     -0.2536062E-01
   0.9545799     -0.2414995E-01
   0.9640413     -0.2221671E-01
   0.9732160     -0.1951174E-01
   0.9819050     -0.1600030E-01
   0.9900898     -0.1180425E-01
   0.9966222     -0.6366638E-02
    1.000000       0.000000    
