    1.000000       0.000000    
   0.9991055      0.1965412E-05
   0.9979028      0.4602324E-05
   0.9964116      0.7862911E-05
   0.9943718      0.1230743E-04
   0.9907427      0.2016944E-04
   0.9834985      0.3568983E-04
   0.9751831      0.5322076E-04
   0.9663614      0.7148663E-04
   0.9572963      0.8989997E-04
   0.9481499      0.1081122E-03
   0.9389778      0.1260060E-03
   0.9297979      0.1435445E-03
   0.9206158      0.1607165E-03
   0.9114330      0.1775189E-03
   0.9022501      0.1939507E-03
   0.8930671      0.2100117E-03
   0.8838840      0.2257018E-03
   0.8747010      0.2410211E-03
   0.8655180      0.2559695E-03
   0.8563350      0.2705469E-03
   0.8471520      0.2847535E-03
   0.8379689      0.2985892E-03
   0.8287859      0.3120540E-03
   0.8196029      0.3251479E-03
   0.8104199      0.3378709E-03
   0.8012368      0.3502230E-03
   0.7920538      0.3622043E-03
   0.7828708      0.3738146E-03
   0.7736877      0.3850540E-03
   0.7645047      0.3959226E-03
   0.7553217      0.4064202E-03
   0.7461387      0.4165470E-03
   0.7369556      0.4263029E-03
   0.7277726      0.4356878E-03
   0.7185896      0.4447019E-03
   0.7094065      0.4533451E-03
   0.7002235      0.4616174E-03
   0.6910405      0.4695188E-03
   0.6818574      0.4770493E-03
   0.6726744      0.4842089E-03
   0.6634914      0.4909976E-03
   0.6543083      0.4974154E-03
   0.6451253      0.5034623E-03
   0.6359423      0.5091384E-03
   0.6267592      0.5144435E-03
   0.6175762      0.5193778E-03
   0.6083932      0.5239411E-03
   0.5992101      0.5281336E-03
   0.5900271      0.5319551E-03
   0.5808441      0.5354058E-03
   0.5716610      0.5384855E-03
   0.5624780      0.5411944E-03
   0.5532950      0.5435324E-03
   0.5441119      0.5454995E-03
   0.5349289      0.5470957E-03
   0.5257459      0.5483210E-03
   0.5165628      0.5491754E-03
   0.5073798      0.5496589E-03
   0.4981968      0.5497715E-03
   0.4890137      0.5495133E-03
   0.4798307      0.5488841E-03
   0.4706477      0.5478840E-03
   0.4614646      0.5465131E-03
   0.4522816      0.5447712E-03
   0.4430986      0.5426584E-03
   0.4339155      0.5401748E-03
   0.4247325      0.5373203E-03
   0.4155495      0.5340948E-03
   0.4063664      0.5304985E-03
   0.3971834      0.5265313E-03
   0.3880004      0.5221932E-03
   0.3788173      0.5174842E-03
   0.3696343      0.5124043E-03
   0.3604513      0.5069534E-03
   0.3512682      0.5011317E-03
   0.3420852      0.4949392E-03
   0.3329022      0.4883757E-03
   0.3237191      0.4814413E-03
   0.3145361      0.4741360E-03
   0.3053531      0.4664599E-03
   0.2961700      0.4584128E-03
   0.2869870      0.4499949E-03
   0.2778040      0.4412060E-03
   0.2686209      0.4320463E-03
   0.2594379      0.4225157E-03
   0.2502549      0.4126141E-03
   0.2410718      0.4023417E-03
   0.2318888      0.3916984E-03
   0.2227058      0.3806842E-03
   0.2135228      0.3692991E-03
   0.2043397      0.3575431E-03
   0.1951567      0.3454162E-03
   0.1859737      0.3329184E-03
   0.1767907      0.3200497E-03
   0.1676076      0.3068102E-03
   0.1584246      0.2931997E-03
   0.1492416      0.2792184E-03
   0.1400586      0.2648661E-03
   0.1308755      0.2501430E-03
   0.1216925      0.2350490E-03
   0.1125095      0.2195841E-03
   0.1033265      0.2037483E-03
   0.9414359E-01  0.1875417E-03
   0.8496081E-01  0.1709647E-03
   0.7577889E-01  0.1540180E-03
   0.6659850E-01  0.1367045E-03
   0.5742703E-01  0.1190345E-03
   0.4827617E-01  0.1010435E-03
   0.3921935E-01  0.8286099E-04
   0.3048055E-01  0.6496081E-04
   0.2245604E-01  0.4851216E-04
   0.1598524E-01  0.3379921E-04
   0.1020423E-01  0.2207858E-04
   0.5631387E-02  0.1466129E-04
   0.3416602E-02  0.1087810E-04
   0.1968639E-02  0.7978919E-05
   0.9844503E-03  0.5487969E-05
   0.3549191E-03  0.3216819E-05
   0.4026973E-04  0.1060091E-05
   0.4026973E-04 -0.1060091E-05
   0.3549191E-03 -0.3216820E-05
   0.9844503E-03 -0.5487973E-05
   0.1968639E-02 -0.7978927E-05
   0.3416602E-02 -0.1087811E-04
   0.5631387E-02 -0.1466131E-04
   0.1020423E-01 -0.2207860E-04
   0.1598524E-01 -0.3379921E-04
   0.2245604E-01 -0.4851215E-04
   0.3048055E-01 -0.6496082E-04
   0.3921935E-01 -0.8286100E-04
   0.4827617E-01 -0.1010435E-03
   0.5742703E-01 -0.1190345E-03
   0.6659850E-01 -0.1367045E-03
   0.7577889E-01 -0.1540180E-03
   0.8496081E-01 -0.1709647E-03
   0.9414359E-01 -0.1875418E-03
   0.1033265     -0.2037483E-03
   0.1125095     -0.2195840E-03
   0.1216925     -0.2350490E-03
   0.1308755     -0.2501430E-03
   0.1400586     -0.2648661E-03
   0.1492416     -0.2792184E-03
   0.1584246     -0.2931997E-03
   0.1676076     -0.3068102E-03
   0.1767907     -0.3200497E-03
   0.1859737     -0.3329184E-03
   0.1951567     -0.3454162E-03
   0.2043397     -0.3575431E-03
   0.2135228     -0.3692991E-03
   0.2227058     -0.3806842E-03
   0.2318888     -0.3916984E-03
   0.2410718     -0.4023417E-03
   0.2502549     -0.4126141E-03
   0.2594379     -0.4225156E-03
   0.2686209     -0.4320463E-03
   0.2778040     -0.4412060E-03
   0.2869870     -0.4499949E-03
   0.2961700     -0.4584128E-03
   0.3053531     -0.4664599E-03
   0.3145361     -0.4741360E-03
   0.3237191     -0.4814413E-03
   0.3329022     -0.4883757E-03
   0.3420852     -0.4949392E-03
   0.3512682     -0.5011317E-03
   0.3604513     -0.5069534E-03
   0.3696343     -0.5124043E-03
   0.3788173     -0.5174842E-03
   0.3880004     -0.5221932E-03
   0.3971834     -0.5265313E-03
   0.4063664     -0.5304985E-03
   0.4155495     -0.5340948E-03
   0.4247325     -0.5373202E-03
   0.4339155     -0.5401748E-03
   0.4430986     -0.5426585E-03
   0.4522816     -0.5447712E-03
   0.4614646     -0.5465130E-03
   0.4706477     -0.5478840E-03
   0.4798307     -0.5488841E-03
   0.4890137     -0.5495133E-03
   0.4981968     -0.5497715E-03
   0.5073798     -0.5496589E-03
   0.5165628     -0.5491754E-03
   0.5257459     -0.5483210E-03
   0.5349289     -0.5470957E-03
   0.5441119     -0.5454995E-03
   0.5532950     -0.5435324E-03
   0.5624780     -0.5411944E-03
   0.5716610     -0.5384856E-03
   0.5808441     -0.5354058E-03
   0.5900271     -0.5319551E-03
   0.5992101     -0.5281336E-03
   0.6083932     -0.5239411E-03
   0.6175762     -0.5193778E-03
   0.6267592     -0.5144435E-03
   0.6359423     -0.5091384E-03
   0.6451253     -0.5034623E-03
   0.6543083     -0.4974154E-03
   0.6634914     -0.4909976E-03
   0.6726744     -0.4842089E-03
   0.6818574     -0.4770493E-03
   0.6910405     -0.4695188E-03
   0.7002235     -0.4616174E-03
   0.7094065     -0.4533451E-03
   0.7185896     -0.4447019E-03
   0.7277726     -0.4356878E-03
   0.7369556     -0.4263029E-03
   0.7461387     -0.4165470E-03
   0.7553217     -0.4064202E-03
   0.7645047     -0.3959226E-03
   0.7736877     -0.3850540E-03
   0.7828708     -0.3738146E-03
   0.7920538     -0.3622043E-03
   0.8012368     -0.3502230E-03
   0.8104199     -0.3378709E-03
   0.8196029     -0.3251479E-03
   0.8287859     -0.3120540E-03
   0.8379689     -0.2985892E-03
   0.8471520     -0.2847535E-03
   0.8563350     -0.2705469E-03
   0.8655180     -0.2559695E-03
   0.8747010     -0.2410211E-03
   0.8838840     -0.2257018E-03
   0.8930671     -0.2100117E-03
   0.9022501     -0.1939507E-03
   0.9114330     -0.1775189E-03
   0.9206158     -0.1607165E-03
   0.9297979     -0.1435445E-03
   0.9389778     -0.1260060E-03
   0.9481499     -0.1081122E-03
   0.9572963     -0.8989997E-04
   0.9663614     -0.7148662E-04
   0.9751831     -0.5322076E-04
   0.9834985     -0.3568983E-04
   0.9907427     -0.2016941E-04
   0.9943718     -0.1230741E-04
   0.9964116     -0.7862891E-05
   0.9979028     -0.4602311E-05
   0.9991055     -0.1965406E-05
    1.000000       0.000000    
