    1.000000       0.000000    
   0.9958716      0.1053357E-02
   0.9901334      0.2350235E-02
   0.9828841      0.3743540E-02
   0.9733540      0.5365772E-02
   0.9603649      0.7368570E-02
   0.9425421      0.9858471E-02
   0.9196102      0.1278102E-01
   0.8931392      0.1590482E-01
   0.8651396      0.1904868E-01
   0.8366894      0.2206891E-01
   0.8080475      0.2492928E-01
   0.7793103      0.2764352E-01
   0.7505359      0.3021312E-01
   0.7217470      0.3263495E-01
   0.6929514      0.3490585E-01
   0.6641396      0.3702424E-01
   0.6352923      0.3899319E-01
   0.6063825      0.4082443E-01
   0.5773936      0.4253618E-01
   0.5483262      0.4414898E-01
   0.5191964      0.4567957E-01
   0.4900269      0.4713865E-01
   0.4608363      0.4853064E-01
   0.4316360      0.4985735E-01
   0.4024376      0.5111998E-01
   0.3732717      0.5231582E-01
   0.3441926      0.5343108E-01
   0.3152768      0.5443483E-01
   0.2866247      0.5527625E-01
   0.2583362      0.5587583E-01
   0.2305029      0.5613919E-01
   0.2032070      0.5596346E-01
   0.1765634      0.5524261E-01
   0.1507265      0.5386237E-01
   0.1259360      0.5172510E-01
   0.1025682      0.4877644E-01
   0.8124173E-01  0.4506652E-01
   0.6273739E-01  0.4082070E-01
   0.4758009E-01  0.3638368E-01
   0.3566567E-01  0.3203916E-01
   0.2643260E-01  0.2791614E-01
   0.1925421E-01  0.2403146E-01
   0.1362860E-01  0.2034045E-01
   0.9199424E-02  0.1679482E-01
   0.5743127E-02  0.1334489E-01
   0.3165324E-02  0.9917606E-02
   0.1383744E-02  0.6520032E-02
   0.3333177E-03  0.3200573E-02
  -0.2728114E-07  0.1875914E-04
   0.3892018E-03 -0.3182149E-02
   0.1509901E-02 -0.6526532E-02
   0.3375579E-02 -0.9969400E-02
   0.6055252E-02 -0.1348902E-01
   0.9643656E-02 -0.1712757E-01
   0.1425196E-01 -0.2104273E-01
   0.2017029E-01 -0.2536350E-01
   0.2786758E-01 -0.3023620E-01
   0.3797929E-01 -0.3582611E-01
   0.5121349E-01 -0.4219311E-01
   0.6794598E-01 -0.4915848E-01
   0.8786546E-01 -0.5627397E-01
   0.1102998     -0.6313457E-01
   0.1345721     -0.6961096E-01
   0.1599589     -0.7563348E-01
   0.1858658     -0.8112389E-01
   0.2119058     -0.8599027E-01
   0.2378960     -0.9015029E-01
   0.2638142     -0.9354910E-01
   0.2897120     -0.9615111E-01
   0.3156745     -0.9796775E-01
   0.3417397     -0.9899523E-01
   0.3679448     -0.9927058E-01
   0.3942971     -0.9881798E-01
   0.4207940     -0.9764779E-01
   0.4474610     -0.9581032E-01
   0.4743410     -0.9333023E-01
   0.5014639     -0.9027308E-01
   0.5288469     -0.8669674E-01
   0.5564717     -0.8267778E-01
   0.5843117     -0.7827913E-01
   0.6123259     -0.7356569E-01
   0.6404730     -0.6858847E-01
   0.6687065     -0.6339147E-01
   0.6969792     -0.5800635E-01
   0.7252486     -0.5245025E-01
   0.7534994     -0.4672598E-01
   0.7817582     -0.4082775E-01
   0.8100853     -0.3476049E-01
   0.8384886     -0.2857904E-01
   0.8666038     -0.2248162E-01
   0.8938583     -0.1672816E-01
   0.9193036     -0.1164253E-01
   0.9414730     -0.7637636E-02
   0.9591691     -0.4855362E-02
   0.9724225     -0.3063601E-02
   0.9822765     -0.1906477E-02
   0.9898029     -0.1099502E-02
   0.9957440     -0.4624269E-03
    1.000000       0.000000    
