    1.000000       0.000000    
   0.9987937      0.9841391E-03
   0.9972893      0.2114148E-02
   0.9956435      0.3235655E-02
   0.9938300      0.4343656E-02
   0.9918138      0.5430985E-02
   0.9895494      0.6489289E-02
   0.9869866      0.7523797E-02
   0.9840677      0.8553474E-02
   0.9807291      0.9612888E-02
   0.9768969      0.1074068E-01
   0.9724625      0.1195818E-01
   0.9672789      0.1329811E-01
   0.9611627      0.1480271E-01
   0.9539474      0.1651512E-01
   0.9455360      0.1845774E-01
   0.9359542      0.2063049E-01
   0.9254125      0.2299005E-01
   0.9142096      0.2546307E-01
   0.9026144      0.2798323E-01
   0.8908281      0.3049774E-01
   0.8789580      0.3297129E-01
   0.8670536      0.3538508E-01
   0.8551189      0.3773527E-01
   0.8431824      0.4002563E-01
   0.8312990      0.4224501E-01
   0.8195329      0.4437576E-01
   0.8079337      0.4639827E-01
   0.7966254      0.4830921E-01
   0.7858509      0.5006371E-01
   0.7758008      0.5153741E-01
   0.7663089      0.5257392E-01
   0.7567919      0.5318242E-01
   0.7470586      0.5343644E-01
   0.7366486      0.5335753E-01
   0.7254623      0.5318819E-01
   0.7139328      0.5301639E-01
   0.7025014      0.5284515E-01
   0.6916151      0.5268580E-01
   0.6816508      0.5252502E-01
   0.6728026      0.5242446E-01
   0.6650214      0.5229485E-01
   0.6582585      0.5203915E-01
   0.6521342      0.5220094E-01
   0.6459251      0.5302600E-01
   0.6389697      0.5399968E-01
   0.6310450      0.5486039E-01
   0.6224010      0.5574390E-01
   0.6133727      0.5650957E-01
   0.6040932      0.5701426E-01
   0.5943349      0.5715301E-01
   0.5836496      0.5704926E-01
   0.5720957      0.5687751E-01
   0.5599728      0.5669610E-01
   0.5475185      0.5651052E-01
   0.5348849      0.5632197E-01
   0.5221590      0.5613208E-01
   0.5093877      0.5594150E-01
   0.4965963      0.5575063E-01
   0.4837996      0.5555968E-01
   0.4710101      0.5536884E-01
   0.4582439      0.5517834E-01
   0.4455286      0.5498861E-01
   0.4329161      0.5480040E-01
   0.4205030      0.5461514E-01
   0.4084568      0.5443569E-01
   0.3970289      0.5426370E-01
   0.3865154      0.5411361E-01
   0.3771146      0.5391262E-01
   0.3688095      0.5351385E-01
   0.3613842      0.5276784E-01
   0.3543285      0.5163179E-01
   0.3476156      0.5040424E-01
   0.3416139      0.4910052E-01
   0.3362894      0.4785534E-01
   0.3312014      0.4717341E-01
   0.3257813      0.4712141E-01
   0.3195821      0.4717658E-01
   0.3124201      0.4702527E-01
   0.3041384      0.4689632E-01
   0.2945975      0.4676094E-01
   0.2839209      0.4659917E-01
   0.2723689      0.4642735E-01
   0.2602446      0.4624652E-01
   0.2477893      0.4606075E-01
   0.2351588      0.4587237E-01
   0.2224431      0.4568273E-01
   0.2096945      0.4549261E-01
   0.1969503      0.4530256E-01
   0.1842493      0.4511314E-01
   0.1716506      0.4492523E-01
   0.1592558      0.4474062E-01
   0.1472348      0.4456363E-01
   0.1357932      0.4434324E-01
   0.1249680      0.4398773E-01
   0.1146452      0.4342537E-01
   0.1047165      0.4264821E-01
   0.9515713E-01  0.4164070E-01
   0.8592987E-01  0.4040079E-01
   0.7704896E-01  0.3893988E-01
   0.6855119E-01  0.3728252E-01
   0.6051195E-01  0.3547500E-01
   0.5303002E-01  0.3357747E-01
   0.4617878E-01  0.3166483E-01
   0.4004444E-01  0.2982579E-01
   0.3465566E-01  0.2808218E-01
   0.2995041E-01  0.2642268E-01
   0.2583499E-01  0.2482816E-01
   0.2221829E-01  0.2328629E-01
   0.1902783E-01  0.2179196E-01
   0.1620300E-01  0.2034229E-01
   0.1369480E-01  0.1892669E-01
   0.1146060E-01  0.1753316E-01
   0.9462577E-02  0.1615372E-01
   0.7675519E-02  0.1478074E-01
   0.6096820E-02  0.1340299E-01
   0.4722998E-02  0.1201305E-01
   0.3546694E-02  0.1060706E-01
   0.2558269E-02  0.9183424E-02
   0.1746881E-02  0.7747300E-02
   0.1100640E-02  0.6315144E-02
   0.6079425E-03  0.4896879E-02
   0.2597295E-03  0.3496086E-02
   0.5059121E-04  0.2112428E-02
  -0.2056564E-04  0.7429191E-03
   0.5004501E-04 -0.6176200E-03
   0.2638444E-03 -0.1976190E-02
   0.6187284E-03 -0.3338848E-02
   0.1117273E-02 -0.4709200E-02
   0.1766527E-02 -0.6087924E-02
   0.2577401E-02 -0.7471411E-02
   0.3563430E-02 -0.8849035E-02
   0.4737507E-02 -0.1020074E-01
   0.6106718E-02 -0.1152333E-01
   0.7671236E-02 -0.1283707E-01
   0.9422397E-02 -0.1417600E-01
   0.1133871E-01 -0.1559423E-01
   0.1338665E-01 -0.1716966E-01
   0.1556971E-01 -0.1895042E-01
   0.1791569E-01 -0.2095344E-01
   0.2044294E-01 -0.2317213E-01
   0.2315310E-01 -0.2554139E-01
   0.2606515E-01 -0.2793697E-01
   0.2924940E-01 -0.3023912E-01
   0.3280430E-01 -0.3239780E-01
   0.3682118E-01 -0.3441749E-01
   0.4143417E-01 -0.3631454E-01
   0.4679671E-01 -0.3819964E-01
   0.5292941E-01 -0.4019073E-01
   0.5976566E-01 -0.4223030E-01
   0.6733025E-01 -0.4427361E-01
   0.7557159E-01 -0.4628996E-01
   0.8435514E-01 -0.4822256E-01
   0.9355594E-01 -0.5002682E-01
   0.1030368     -0.5166379E-01
   0.1126771     -0.5310186E-01
   0.1223820     -0.5431462E-01
   0.1320901     -0.5527924E-01
   0.1417828     -0.5596678E-01
   0.1515345     -0.5633632E-01
   0.1615867     -0.5635926E-01
   0.1723505     -0.5617603E-01
   0.1838902     -0.5601170E-01
   0.1959857     -0.5583142E-01
   0.2084185     -0.5564578E-01
   0.2210403     -0.5545618E-01
   0.2337592     -0.5526547E-01
   0.2465273     -0.5507467E-01
   0.2593214     -0.5488388E-01
   0.2721284     -0.5469289E-01
   0.2849417     -0.5450179E-01
   0.2977583     -0.5431054E-01
   0.3105768     -0.5411926E-01
   0.3233961     -0.5392797E-01
   0.3362158     -0.5373667E-01
   0.3490356     -0.5354540E-01
   0.3618556     -0.5335410E-01
   0.3746757     -0.5316278E-01
   0.3874960     -0.5297147E-01
   0.4003162     -0.5278016E-01
   0.4131365     -0.5258886E-01
   0.4259568     -0.5239755E-01
   0.4387771     -0.5220624E-01
   0.4515974     -0.5201494E-01
   0.4644177     -0.5182364E-01
   0.4772379     -0.5163233E-01
   0.4900581     -0.5144103E-01
   0.5028783     -0.5124972E-01
   0.5156984     -0.5105843E-01
   0.5285185     -0.5086715E-01
   0.5413386     -0.5067586E-01
   0.5541586     -0.5048452E-01
   0.5669786     -0.5029320E-01
   0.5797987     -0.5010191E-01
   0.5926188     -0.4991062E-01
   0.6054389     -0.4971932E-01
   0.6182589     -0.4952802E-01
   0.6310788     -0.4933672E-01
   0.6438984     -0.4914540E-01
   0.6567176     -0.4895410E-01
   0.6695360     -0.4876282E-01
   0.6823525     -0.4857157E-01
   0.6951653     -0.4838038E-01
   0.7079703     -0.4818929E-01
   0.7207597     -0.4799843E-01
   0.7335190     -0.4780824E-01
   0.7462222     -0.4761774E-01
   0.7588323     -0.4741894E-01
   0.7713160     -0.4719960E-01
   0.7836485     -0.4694937E-01
   0.7957865     -0.4664712E-01
   0.8077064     -0.4628771E-01
   0.8193474     -0.4579769E-01
   0.8310574     -0.4513510E-01
   0.8427845     -0.4438230E-01
   0.8545245     -0.4351164E-01
   0.8663009     -0.4252776E-01
   0.8781234     -0.4143667E-01
   0.8900016     -0.4026773E-01
   0.9017287     -0.3906101E-01
   0.9132002     -0.3779793E-01
   0.9242697     -0.3649654E-01
   0.9347486     -0.3518713E-01
   0.9443715     -0.3394283E-01
   0.9528687     -0.3282636E-01
   0.9601462     -0.3185465E-01
   0.9662945     -0.3100588E-01
   0.9714865     -0.3024485E-01
   0.9759068     -0.2953798E-01
   0.9797219     -0.2884499E-01
   0.9830597     -0.2813220E-01
   0.9860083     -0.2738327E-01
   0.9886079     -0.2656869E-01
   0.9908968     -0.2566610E-01
   0.9929133     -0.2466305E-01
   0.9946941     -0.2355672E-01
   0.9962801     -0.2235988E-01
   0.9977029     -0.2108432E-01
   0.9989861     -0.1973883E-01
    1.000000     -0.1852076E-01
