    1.000000       0.000000    
   0.9983926      0.4538807E-03
   0.9964106      0.9880915E-03
   0.9942686      0.1534108E-02
   0.9919382      0.2091548E-02
   0.9893843      0.2659190E-02
   0.9865647      0.3238789E-02
   0.9834292      0.3840977E-02
   0.9799176      0.4484579E-02
   0.9759581      0.5193715E-02
   0.9714614      0.5982415E-02
   0.9663193      0.6864005E-02
   0.9604080      0.7854471E-02
   0.9536133      0.8965477E-02
   0.9458513      0.1018770E-01
   0.9370773      0.1150339E-01
   0.9273251      0.1289517E-01
   0.9167352      0.1433789E-01
   0.9055115      0.1579924E-01
   0.8938919      0.1723303E-01
   0.8820266      0.1859801E-01
   0.8700243      0.1988350E-01
   0.8579981      0.2107234E-01
   0.8460060      0.2214953E-01
   0.8340616      0.2301071E-01
   0.8217541      0.2373412E-01
   0.8091972      0.2439511E-01
   0.7963958      0.2500457E-01
   0.7833891      0.2557821E-01
   0.7702052      0.2613265E-01
   0.7568894      0.2668277E-01
   0.7434927      0.2723520E-01
   0.7300502      0.2778966E-01
   0.7165825      0.2834517E-01
   0.7031009      0.2890131E-01
   0.6896117      0.2945779E-01
   0.6761184      0.3001445E-01
   0.6626230      0.3057120E-01
   0.6491264      0.3112804E-01
   0.6356289      0.3168486E-01
   0.6221309      0.3224168E-01
   0.6086326      0.3279853E-01
   0.5951341      0.3335540E-01
   0.5816355      0.3391228E-01
   0.5681368      0.3446915E-01
   0.5546382      0.3502602E-01
   0.5411394      0.3558289E-01
   0.5276407      0.3613977E-01
   0.5141420      0.3669664E-01
   0.5006433      0.3725351E-01
   0.4871446      0.3781039E-01
   0.4736458      0.3836727E-01
   0.4601471      0.3892414E-01
   0.4466484      0.3948101E-01
   0.4331497      0.4003788E-01
   0.4196510      0.4059476E-01
   0.4061524      0.4115163E-01
   0.3926539      0.4170851E-01
   0.3791556      0.4226540E-01
   0.3656576      0.4282226E-01
   0.3521602      0.4337906E-01
   0.3386636      0.4393582E-01
   0.3251681      0.4449257E-01
   0.3116749      0.4504922E-01
   0.2981861      0.4560571E-01
   0.2847046      0.4616193E-01
   0.2712323      0.4671864E-01
   0.2577753      0.4727466E-01
   0.2443487      0.4782962E-01
   0.2309787      0.4838255E-01
   0.2177107      0.4893174E-01
   0.2046224      0.4947364E-01
   0.1918400      0.5000107E-01
   0.1795441      0.5050958E-01
   0.1679431      0.5098162E-01
   0.1572101      0.5144390E-01
   0.1471343      0.5159919E-01
   0.1372718      0.5139185E-01
   0.1275169      0.5087490E-01
   0.1178124      0.5009060E-01
   0.1082107      0.4907415E-01
   0.9878947E-01  0.4785263E-01
   0.8965598E-01  0.4645702E-01
   0.8092350E-01  0.4492105E-01
   0.7269883E-01  0.4328143E-01
   0.6506245E-01  0.4157543E-01
   0.5806430E-01  0.3983978E-01
   0.5171716E-01  0.3810063E-01
   0.4599804E-01  0.3638384E-01
   0.4086049E-01  0.3470450E-01
   0.3626367E-01  0.3304588E-01
   0.3218002E-01  0.3138825E-01
   0.2858088E-01  0.2966336E-01
   0.2539069E-01  0.2779592E-01
   0.2250279E-01  0.2578938E-01
   0.1982862E-01  0.2373537E-01
   0.1732992E-01  0.2173068E-01
   0.1500039E-01  0.1983064E-01
   0.1283780E-01  0.1804492E-01
   0.1083081E-01  0.1637203E-01
   0.8972315E-02  0.1479851E-01
   0.7283933E-02  0.1328650E-01
   0.5782118E-02  0.1180407E-01
   0.4471864E-02  0.1033014E-01
   0.3350649E-02  0.8851298E-02
   0.2410431E-02  0.7368324E-02
   0.1638365E-02  0.5894621E-02
   0.1021194E-02  0.4436004E-02
   0.5482582E-03  0.2992405E-02
   0.2126510E-03  0.1560177E-02
   0.1181579E-04  0.1331111E-03
  -0.5382274E-04 -0.1297138E-02
   0.1097945E-04 -0.2738570E-02
   0.2032354E-03 -0.4196952E-02
   0.5241642E-03 -0.5675840E-02
   0.9783043E-03 -0.7176115E-02
   0.1572629E-02 -0.8694803E-02
   0.2315119E-02 -0.1022299E-01
   0.3212829E-02 -0.1174803E-01
   0.4271777E-02 -0.1326398E-01
   0.5496808E-02 -0.1476635E-01
   0.6891656E-02 -0.1625113E-01
   0.8459330E-02 -0.1771526E-01
   0.1020443E-01 -0.1915772E-01
   0.1214253E-01 -0.2058258E-01
   0.1429533E-01 -0.2199675E-01
   0.1668621E-01 -0.2340915E-01
   0.1933857E-01 -0.2483078E-01
   0.2228423E-01 -0.2627118E-01
   0.2556291E-01 -0.2774285E-01
   0.2921879E-01 -0.2926602E-01
   0.3330564E-01 -0.3086036E-01
   0.3787374E-01 -0.3254431E-01
   0.4295483E-01 -0.3431769E-01
   0.4857611E-01 -0.3614343E-01
   0.5476904E-01 -0.3798332E-01
   0.6154388E-01 -0.3980128E-01
   0.6888413E-01 -0.4155138E-01
   0.7676940E-01 -0.4318933E-01
   0.8518204E-01 -0.4467955E-01
   0.9410353E-01 -0.4599628E-01
   0.1035432     -0.4712088E-01
   0.1135192     -0.4806417E-01
   0.1240508     -0.4880764E-01
   0.1352916     -0.4939204E-01
   0.1472655     -0.4990930E-01
   0.1598311     -0.5042856E-01
   0.1727746     -0.5096357E-01
   0.1859372     -0.5150745E-01
   0.1992067     -0.5205578E-01
   0.2125002     -0.5260510E-01
   0.2257419     -0.5315228E-01
   0.2388407     -0.5369355E-01
   0.2516669     -0.5422357E-01
   0.2640349     -0.5473459E-01
   0.2757048     -0.5521709E-01
   0.2864255     -0.5565881E-01
   0.2960091     -0.5605753E-01
   0.3044040     -0.5639238E-01
   0.3116810     -0.5671143E-01
   0.3180401     -0.5699772E-01
   0.3236486     -0.5706747E-01
   0.3286544     -0.5733787E-01
   0.3333753     -0.5828032E-01
   0.3382238     -0.5975094E-01
   0.3435452     -0.6133150E-01
   0.3494972     -0.6278304E-01
   0.3560289     -0.6426862E-01
   0.3629832     -0.6579287E-01
   0.3702620     -0.6714190E-01
   0.3779477     -0.6815104E-01
   0.3863186     -0.6880362E-01
   0.3956998     -0.6923045E-01
   0.4061445     -0.6964358E-01
   0.4175549     -0.7011794E-01
   0.4297365     -0.7061984E-01
   0.4424498     -0.7114440E-01
   0.4554964     -0.7168263E-01
   0.4687376     -0.7222888E-01
   0.4820854     -0.7277953E-01
   0.4954849     -0.7333232E-01
   0.5088986     -0.7388569E-01
   0.5222941     -0.7443831E-01
   0.5356326     -0.7498858E-01
   0.5488560     -0.7553412E-01
   0.5618713     -0.7607125E-01
   0.5745327     -0.7659336E-01
   0.5866355     -0.7709258E-01
   0.5979371     -0.7756124E-01
   0.6082341     -0.7787870E-01
   0.6177240     -0.7780372E-01
   0.6269588     -0.7734749E-01
   0.6359226     -0.7671391E-01
   0.6443573     -0.7599353E-01
   0.6521408     -0.7521560E-01
   0.6591980     -0.7449459E-01
   0.6654564     -0.7372610E-01
   0.6710154     -0.7272506E-01
   0.6761567     -0.7191771E-01
   0.6813068     -0.7179414E-01
   0.6869193     -0.7217435E-01
   0.6932738     -0.7247440E-01
   0.7004966     -0.7273052E-01
   0.7087535     -0.7308510E-01
   0.7180922     -0.7346663E-01
   0.7283743     -0.7389123E-01
   0.7392876     -0.7434173E-01
   0.7503920     -0.7479930E-01
   0.7612200     -0.7525111E-01
   0.7714766     -0.7553112E-01
   0.7813373     -0.7546042E-01
   0.7910704     -0.7499209E-01
   0.8009553     -0.7409794E-01
   0.8113452     -0.7279524E-01
   0.8224499     -0.7123175E-01
   0.8340712     -0.6953228E-01
   0.8459803     -0.6772470E-01
   0.8580491     -0.6579443E-01
   0.8702223     -0.6376068E-01
   0.8824132     -0.6164891E-01
   0.8945145     -0.5948749E-01
   0.9063762     -0.5731507E-01
   0.9177875     -0.5518101E-01
   0.9285079     -0.5313758E-01
   0.9383113     -0.5123322E-01
   0.9470586     -0.4949817E-01
   0.9547240     -0.4794656E-01
   0.9613722     -0.4657471E-01
   0.9671238     -0.4536245E-01
   0.9721132     -0.4428148E-01
   0.9764691     -0.4330198E-01
   0.9803062     -0.4239644E-01
   0.9837195     -0.4154740E-01
   0.9867806     -0.4074594E-01
   0.9895439     -0.3998627E-01
   0.9920538     -0.3926425E-01
   0.9943483     -0.3857703E-01
   0.9964596     -0.3792154E-01
   0.9984143     -0.3729471E-01
    1.000000     -0.3677202E-01
