    1.000000       0.000000    
   0.9989872      0.2024920E-02
   0.9975063      0.4311868E-02
   0.9955836      0.6530897E-02
   0.9930342      0.8652114E-02
   0.9895749      0.1067752E-01
   0.9848813      0.1274408E-01
   0.9789082      0.1504947E-01
   0.9719789      0.1732447E-01
   0.9641112      0.1931811E-01
   0.9554848      0.2088494E-01
   0.9462849      0.2186952E-01
   0.9363223      0.2230538E-01
   0.9254478      0.2234524E-01
   0.9137573      0.2228431E-01
   0.9017125      0.2222030E-01
   0.8895187      0.2215832E-01
   0.8772703      0.2209560E-01
   0.8650145      0.2203351E-01
   0.8527819      0.2196945E-01
   0.8405679      0.2192214E-01
   0.8283234      0.2187976E-01
   0.8160716      0.2183655E-01
   0.8038500      0.2179354E-01
   0.7917412      0.2175081E-01
   0.7799608      0.2170998E-01
   0.7689927      0.2166847E-01
   0.7595566      0.2164809E-01
   0.7519531      0.2160134E-01
   0.7462472      0.2153610E-01
   0.7418524      0.2162959E-01
   0.7381776      0.2176244E-01
   0.7349868      0.2169014E-01
   0.7322296      0.2139180E-01
   0.7299078      0.2104526E-01
   0.7279940      0.2081253E-01
   0.7264199      0.2074568E-01
   0.7251354      0.2086879E-01
   0.7241130      0.2120529E-01
   0.7233437      0.2178872E-01
   0.7228061      0.2263602E-01
   0.7224593      0.2374087E-01
   0.7222738      0.2511296E-01
   0.7222246      0.2677963E-01
   0.7222799      0.2878688E-01
   0.7223729      0.3119187E-01
   0.7223273      0.3399639E-01
   0.7219116      0.3714510E-01
   0.7210056      0.4055767E-01
   0.7196696      0.4410859E-01
   0.7179894      0.4768103E-01
   0.7158445      0.5100575E-01
   0.7129825      0.5388084E-01
   0.7090855      0.5633480E-01
   0.7038799      0.5858462E-01
   0.6974883      0.6088715E-01
   0.6904033      0.6349614E-01
   0.6823261      0.6581918E-01
   0.6729794      0.6802286E-01
   0.6634125      0.6980132E-01
   0.6532518      0.7113193E-01
   0.6426985      0.7205271E-01
   0.6315221      0.7267981E-01
   0.6199855      0.7314045E-01
   0.6082366      0.7348782E-01
   0.5965355      0.7372190E-01
   0.5849238      0.7375810E-01
   0.5731413      0.7363164E-01
   0.5612714      0.7355475E-01
   0.5494042      0.7356376E-01
   0.5377488      0.7356836E-01
   0.5264272      0.7370979E-01
   0.5151747      0.7382347E-01
   0.5040229      0.7366012E-01
   0.4928800      0.7342347E-01
   0.4815360      0.7332312E-01
   0.4702314      0.7328951E-01
   0.4588172      0.7334817E-01
   0.4473849      0.7327519E-01
   0.4362758      0.7326065E-01
   0.4256788      0.7318665E-01
   0.4157878      0.7316483E-01
   0.4071086      0.7307430E-01
   0.4001292      0.7227348E-01
   0.3938759      0.7033615E-01
   0.3876572      0.6728146E-01
   0.3811972      0.6345104E-01
   0.3748063      0.5966450E-01
   0.3691934      0.5565292E-01
   0.3638953      0.5146041E-01
   0.3582361      0.4754232E-01
   0.3529998      0.4408241E-01
   0.3492337      0.4110156E-01
   0.3466841      0.3807016E-01
   0.3449121      0.3456099E-01
   0.3434786      0.3056749E-01
   0.3421333      0.2672275E-01
   0.3407810      0.2370311E-01
   0.3393365      0.2152179E-01
   0.3377112      0.2005666E-01
   0.3358185      0.1921718E-01
   0.3336144      0.1885927E-01
   0.3310318      0.1889067E-01
   0.3279506      0.1924789E-01
   0.3241721      0.1982611E-01
   0.3194933      0.2025807E-01
   0.3138918      0.2016513E-01
   0.3071960      0.1999298E-01
   0.2987572      0.2002666E-01
   0.2885755      0.1997791E-01
   0.2772556      0.1994124E-01
   0.2653314      0.1989823E-01
   0.2531730      0.1985582E-01
   0.2409308      0.1981262E-01
   0.2286633      0.1976972E-01
   0.2163875      0.1972537E-01
   0.2041060      0.1968079E-01
   0.1918221      0.1963614E-01
   0.1795374      0.1959147E-01
   0.1672523      0.1954677E-01
   0.1549672      0.1950206E-01
   0.1426823      0.1945734E-01
   0.1303981      0.1941262E-01
   0.1181161      0.1936792E-01
   0.1058408      0.1932321E-01
   0.9358589E-01  0.1927851E-01
   0.8139273E-01  0.1923429E-01
   0.6937362E-01  0.1918929E-01
   0.5778970E-01  0.1915378E-01
   0.4721043E-01  0.1907481E-01
   0.3807135E-01  0.1861749E-01
   0.3004058E-01  0.1771176E-01
   0.2323692E-01  0.1647922E-01
   0.1769190E-01  0.1502991E-01
   0.1318322E-01  0.1348752E-01
   0.9474614E-02  0.1185725E-01
   0.6519887E-02  0.1007682E-01
   0.4251807E-02  0.8208288E-02
   0.2559769E-02  0.6361074E-02
   0.1353746E-02  0.4607993E-02
   0.5501558E-03  0.2943717E-02
   0.1038799E-03  0.1343802E-02
   0.8699013E-05 -0.2206789E-03
   0.2761062E-03 -0.1784212E-02
   0.8978084E-03 -0.3382544E-02
   0.1896837E-02 -0.5047750E-02
   0.3338782E-02 -0.6807727E-02
   0.5326604E-02 -0.8661019E-02
   0.7964935E-02 -0.1052124E-01
   0.1138119E-01 -0.1230595E-01
   0.1559800E-01 -0.1403170E-01
   0.2070174E-01 -0.1578041E-01
   0.2688259E-01 -0.1740989E-01
   0.3417373E-01 -0.1871305E-01
   0.4242209E-01 -0.1954183E-01
   0.5184971E-01 -0.1977082E-01
   0.6282603E-01 -0.1973450E-01
   0.7457997E-01 -0.1969064E-01
   0.8668517E-01 -0.1964657E-01
   0.9890975E-01 -0.1960187E-01
   0.1111753     -0.1955701E-01
   0.1234540     -0.1951225E-01
   0.1357370     -0.1946756E-01
   0.1480215     -0.1942294E-01
   0.1603064     -0.1937835E-01
   0.1725915     -0.1933379E-01
   0.1848767     -0.1928924E-01
   0.1971617     -0.1924467E-01
   0.2094464     -0.1920008E-01
   0.2217301     -0.1915539E-01
   0.2340127     -0.1911111E-01
   0.2462961     -0.1906765E-01
   0.2585807     -0.1902446E-01
   0.2708657     -0.1898128E-01
   0.2831509     -0.1893810E-01
   0.2954361     -0.1889492E-01
   0.3077210     -0.1885174E-01
   0.3200052     -0.1880861E-01
   0.3322885     -0.1876594E-01
   0.3445720     -0.1872300E-01
   0.3568554     -0.1867953E-01
   0.3691393     -0.1863564E-01
   0.3814233     -0.1859206E-01
   0.3937076     -0.1854884E-01
   0.4059923     -0.1850584E-01
   0.4182772     -0.1846293E-01
   0.4305621     -0.1841998E-01
   0.4428470     -0.1837686E-01
   0.4551321     -0.1833365E-01
   0.4674173     -0.1829046E-01
   0.4797025     -0.1824727E-01
   0.4919878     -0.1820408E-01
   0.5042730     -0.1816089E-01
   0.5165583     -0.1811768E-01
   0.5288435     -0.1807446E-01
   0.5411288     -0.1803124E-01
   0.5534140     -0.1798803E-01
   0.5656992     -0.1794484E-01
   0.5779844     -0.1790166E-01
   0.5902696     -0.1785851E-01
   0.6025548     -0.1781539E-01
   0.6148399     -0.1777225E-01
   0.6271251     -0.1772906E-01
   0.6394103     -0.1768585E-01
   0.6516955     -0.1764263E-01
   0.6639806     -0.1759943E-01
   0.6762654     -0.1755636E-01
   0.6885502     -0.1751341E-01
   0.7008349     -0.1747038E-01
   0.7131190     -0.1742711E-01
   0.7254029     -0.1738346E-01
   0.7376866     -0.1733990E-01
   0.7499708     -0.1729676E-01
   0.7622555     -0.1725378E-01
   0.7745400     -0.1721072E-01
   0.7868245     -0.1716745E-01
   0.7991085     -0.1712416E-01
   0.8113906     -0.1708090E-01
   0.8236668     -0.1703772E-01
   0.8359276     -0.1699412E-01
   0.8481539     -0.1695232E-01
   0.8603706     -0.1689089E-01
   0.8726237     -0.1682874E-01
   0.8848911     -0.1676607E-01
   0.8971517     -0.1670350E-01
   0.9093709     -0.1664177E-01
   0.9214682     -0.1657998E-01
   0.9332184     -0.1650136E-01
   0.9443658     -0.1627054E-01
   0.9548179     -0.1577488E-01
   0.9643469     -0.1498704E-01
   0.9726590     -0.1394101E-01
   0.9795147     -0.1266707E-01
   0.9852102     -0.1120513E-01
   0.9897908     -0.9737038E-02
   0.9932405     -0.8166785E-02
   0.9957843     -0.6368716E-02
   0.9976668     -0.4328714E-02
   0.9990762     -0.2087489E-02
    1.000000       0.000000    
