    1.000000      0.1679258E-01
   0.9985376      0.1785152E-01
   0.9967253      0.1901553E-01
   0.9947563      0.2010943E-01
   0.9926006      0.2112094E-01
   0.9902196      0.2203765E-01
   0.9875771      0.2287776E-01
   0.9846406      0.2368889E-01
   0.9813861      0.2454931E-01
   0.9777887      0.2552415E-01
   0.9737869      0.2660608E-01
   0.9692808      0.2777173E-01
   0.9641408      0.2903776E-01
   0.9582354      0.3045240E-01
   0.9514448      0.3205251E-01
   0.9436599      0.3386013E-01
   0.9348029      0.3587834E-01
   0.9249080      0.3810661E-01
   0.9141465      0.4048632E-01
   0.9027441      0.4294327E-01
   0.8909396      0.4540140E-01
   0.8789306      0.4780242E-01
   0.8668783      0.5009761E-01
   0.8549054      0.5227007E-01
   0.8432297      0.5431777E-01
   0.8321110      0.5617000E-01
   0.8216254      0.5767314E-01
   0.8115082      0.5872423E-01
   0.8014574      0.5933399E-01
   0.7912274      0.5952762E-01
   0.7805533      0.5939869E-01
   0.7694728      0.5916787E-01
   0.7583974      0.5894365E-01
   0.7478023      0.5872884E-01
   0.7380606      0.5853010E-01
   0.7293635      0.5835887E-01
   0.7217324      0.5818815E-01
   0.7150762      0.5807866E-01
   0.7092106      0.5799131E-01
   0.7039870      0.5771093E-01
   0.6992885      0.5760542E-01
   0.6948792      0.5819171E-01
   0.6904260      0.5936279E-01
   0.6856092      0.6061167E-01
   0.6801864      0.6158184E-01
   0.6740437      0.6247323E-01
   0.6671903      0.6345591E-01
   0.6596177      0.6442834E-01
   0.6512912      0.6537290E-01
   0.6423634      0.6626307E-01
   0.6329980      0.6699663E-01
   0.6232465      0.6745614E-01
   0.6129293      0.6755117E-01
   0.6017008      0.6736883E-01
   0.5895055      0.6712636E-01
   0.5765776      0.6686439E-01
   0.5631419      0.6659197E-01
   0.5493893      0.6631309E-01
   0.5354521      0.6603046E-01
   0.5214172      0.6574584E-01
   0.5073433      0.6546042E-01
   0.4932772      0.6517516E-01
   0.4792681      0.6489105E-01
   0.4653824      0.6460945E-01
   0.4517210      0.6433238E-01
   0.4384357      0.6406293E-01
   0.4257354      0.6380552E-01
   0.4138634      0.6356299E-01
   0.4030334      0.6334979E-01
   0.3933314      0.6305004E-01
   0.3845645      0.6244773E-01
   0.3764198      0.6145013E-01
   0.3686465      0.6010311E-01
   0.3612245      0.5858899E-01
   0.3542704      0.5701352E-01
   0.3478386      0.5548358E-01
   0.3420134      0.5404825E-01
   0.3368287      0.5250157E-01
   0.3321382      0.5099897E-01
   0.3275997      0.5006461E-01
   0.3228415      0.4986006E-01
   0.3175941      0.4999259E-01
   0.3117113      0.4995452E-01
   0.3050942      0.4974383E-01
   0.2975526      0.4958625E-01
   0.2888916      0.4942687E-01
   0.2790369      0.4922042E-01
   0.2680076      0.4899681E-01
   0.2559587      0.4875075E-01
   0.2431330      0.4848922E-01
   0.2297812      0.4821690E-01
   0.2161124      0.4793812E-01
   0.2022847      0.4765610E-01
   0.1884215      0.4737335E-01
   0.1746376      0.4709220E-01
   0.1610663      0.4681535E-01
   0.1478814      0.4654672E-01
   0.1352960      0.4627519E-01
   0.1234890      0.4595602E-01
   0.1125426      0.4550681E-01
   0.1023339      0.4484012E-01
   0.9277834E-01  0.4398536E-01
   0.8387558E-01  0.4294743E-01
   0.7560196E-01  0.4173838E-01
   0.6794637E-01  0.4038474E-01
   0.6089937E-01  0.3891747E-01
   0.5444518E-01  0.3736912E-01
   0.4855984E-01  0.3577209E-01
   0.4321235E-01  0.3415609E-01
   0.3836599E-01  0.3254469E-01
   0.3397852E-01  0.3095299E-01
   0.3000394E-01  0.2939297E-01
   0.2639792E-01  0.2787626E-01
   0.2312009E-01  0.2640915E-01
   0.2013851E-01  0.2498286E-01
   0.1742569E-01  0.2358608E-01
   0.1495614E-01  0.2221119E-01
   0.1271669E-01  0.2084248E-01
   0.1069613E-01  0.1946077E-01
   0.8878940E-02  0.1805130E-01
   0.7249591E-02  0.1660307E-01
   0.5798249E-02  0.1511557E-01
   0.4520209E-02  0.1359555E-01
   0.3411641E-02  0.1205009E-01
   0.2468535E-02  0.1048625E-01
   0.1686180E-02  0.8911131E-02
   0.1058518E-02  0.7336687E-02
   0.5779115E-03  0.5774729E-02
   0.2372359E-03  0.4230445E-02
   0.3166839E-04  0.2704304E-02
  -0.4017269E-04  0.1193414E-02
   0.2484648E-04 -0.3079042E-03
   0.2304369E-03 -0.1808760E-02
   0.5747124E-03 -0.3319992E-02
   0.1059142E-02 -0.4850342E-02
   0.1688934E-02 -0.6405866E-02
   0.2471661E-02 -0.7988659E-02
   0.3414664E-02 -0.9593943E-02
   0.4521965E-02 -0.1121225E-01
   0.5795322E-02 -0.1284561E-01
   0.7231384E-02 -0.1450145E-01
   0.8819596E-02 -0.1619160E-01
   0.1054171E-01 -0.1793334E-01
   0.1239464E-01 -0.1972930E-01
   0.1440266E-01 -0.2155736E-01
   0.1660077E-01 -0.2338930E-01
   0.1903660E-01 -0.2519493E-01
   0.2174877E-01 -0.2696733E-01
   0.2476683E-01 -0.2871380E-01
   0.2811884E-01 -0.3044201E-01
   0.3184071E-01 -0.3216133E-01
   0.3597572E-01 -0.3388798E-01
   0.4056942E-01 -0.3563796E-01
   0.4567594E-01 -0.3741211E-01
   0.5135113E-01 -0.3920941E-01
   0.5764485E-01 -0.4102613E-01
   0.6458597E-01 -0.4285098E-01
   0.7217119E-01 -0.4466126E-01
   0.8036002E-01 -0.4642006E-01
   0.8908060E-01 -0.4808191E-01
   0.9824160E-01 -0.4960249E-01
   0.1077436     -0.5094017E-01
   0.1175009     -0.5205879E-01
   0.1274534     -0.5291512E-01
   0.1376275     -0.5346833E-01
   0.1481326     -0.5360482E-01
   0.1595811     -0.5339871E-01
   0.1719517     -0.5314490E-01
   0.1850111     -0.5287933E-01
   0.1985319     -0.5260381E-01
   0.2123405     -0.5232174E-01
   0.2263201     -0.5203615E-01
   0.2403978     -0.5174880E-01
   0.2545303     -0.5146050E-01
   0.2686921     -0.5117171E-01
   0.2828677     -0.5088253E-01
   0.2970523     -0.5059469E-01
   0.3112460     -0.5030683E-01
   0.3254452     -0.5001888E-01
   0.3396475     -0.4973087E-01
   0.3538515     -0.4944291E-01
   0.3680566     -0.4915486E-01
   0.3822623     -0.4886674E-01
   0.3964683     -0.4857862E-01
   0.4106746     -0.4829053E-01
   0.4248810     -0.4800243E-01
   0.4390876     -0.4771431E-01
   0.4532942     -0.4742619E-01
   0.4675009     -0.4713809E-01
   0.4817076     -0.4684999E-01
   0.4959143     -0.4656189E-01
   0.5101210     -0.4627379E-01
   0.5243277     -0.4598567E-01
   0.5385344     -0.4569756E-01
   0.5527411     -0.4540944E-01
   0.5669478     -0.4512133E-01
   0.5811545     -0.4483321E-01
   0.5953611     -0.4454510E-01
   0.6095676     -0.4425699E-01
   0.6237739     -0.4396892E-01
   0.6379799     -0.4368086E-01
   0.6521855     -0.4339278E-01
   0.6663903     -0.4310469E-01
   0.6805937     -0.4281661E-01
   0.6947948     -0.4252862E-01
   0.7089917     -0.4224072E-01
   0.7231807     -0.4195297E-01
   0.7373557     -0.4166549E-01
   0.7515055     -0.4137854E-01
   0.7656103     -0.4109252E-01
   0.7796356     -0.4080811E-01
   0.7935237     -0.4052444E-01
   0.8072020     -0.4022850E-01
   0.8206048     -0.3989709E-01
   0.8336998     -0.3950271E-01
   0.8464471     -0.3902705E-01
   0.8588083     -0.3843822E-01
   0.8708366     -0.3763314E-01
   0.8828227     -0.3658924E-01
   0.8947320     -0.3543958E-01
   0.9063303     -0.3423733E-01
   0.9173537     -0.3301857E-01
   0.9275936     -0.3180812E-01
   0.9368995     -0.3063610E-01
   0.9452036     -0.2952478E-01
   0.9525244     -0.2847883E-01
   0.9589636     -0.2750069E-01
   0.9646137     -0.2660704E-01
   0.9695696     -0.2577635E-01
   0.9739547     -0.2498087E-01
   0.9778839     -0.2424151E-01
   0.9814320     -0.2358754E-01
   0.9846403     -0.2299820E-01
   0.9875311     -0.2238516E-01
   0.9901396     -0.2168742E-01
   0.9925030     -0.2087169E-01
   0.9946621     -0.1994290E-01
   0.9966521     -0.1891849E-01
   0.9984989     -0.1781153E-01
    1.000000     -0.1679258E-01
