    1.000000       0.000000    
   0.9985197      0.6097007E-03
   0.9966589      0.1317291E-02
   0.9945968      0.2026811E-02
   0.9922819      0.2732360E-02
   0.9896425      0.3423314E-02
   0.9865799      0.4094920E-02
   0.9829651      0.4772326E-02
   0.9786401      0.5520791E-02
   0.9734434      0.6405234E-02
   0.9672015      0.7430756E-02
   0.9597022      0.8618961E-02
   0.9509175      0.9994605E-02
   0.9410967      0.1152051E-01
   0.9306668      0.1311974E-01
   0.9198796      0.1467835E-01
   0.9088011      0.1620524E-01
   0.8975478      0.1771219E-01
   0.8863011      0.1918904E-01
   0.8751330      0.2056988E-01
   0.8639325      0.2190006E-01
   0.8528489      0.2315132E-01
   0.8418422      0.2429086E-01
   0.8308770      0.2529996E-01
   0.8198567      0.2618911E-01
   0.8087453      0.2699415E-01
   0.7976565      0.2769561E-01
   0.7863715      0.2829446E-01
   0.7749596      0.2884964E-01
   0.7634157      0.2936450E-01
   0.7517775      0.2985706E-01
   0.7400660      0.3033521E-01
   0.7283000      0.3080575E-01
   0.7164987      0.3127543E-01
   0.7046807      0.3174604E-01
   0.6928571      0.3221677E-01
   0.6810353      0.3268756E-01
   0.6692120      0.3315588E-01
   0.6573821      0.3362450E-01
   0.6455484      0.3409323E-01
   0.6337125      0.3456206E-01
   0.6218757      0.3503093E-01
   0.6100385      0.3549983E-01
   0.5982010      0.3596873E-01
   0.5863635      0.3643761E-01
   0.5745260      0.3690651E-01
   0.5626884      0.3737543E-01
   0.5508508      0.3784434E-01
   0.5390131      0.3831325E-01
   0.5271755      0.3878215E-01
   0.5153378      0.3925105E-01
   0.5035002      0.3971996E-01
   0.4916625      0.4018886E-01
   0.4798249      0.4065777E-01
   0.4679872      0.4112666E-01
   0.4561495      0.4159556E-01
   0.4443119      0.4206446E-01
   0.4324742      0.4253336E-01
   0.4206365      0.4300227E-01
   0.4087989      0.4347118E-01
   0.3969612      0.4394009E-01
   0.3851236      0.4440900E-01
   0.3732859      0.4487790E-01
   0.3614483      0.4534680E-01
   0.3496107      0.4581569E-01
   0.3377732      0.4628459E-01
   0.3259360      0.4675347E-01
   0.3140991      0.4722235E-01
   0.3022632      0.4769116E-01
   0.2904288      0.4816000E-01
   0.2785961      0.4862828E-01
   0.2667629      0.4909624E-01
   0.2549309      0.4956419E-01
   0.2431036      0.5003205E-01
   0.2312848      0.5050035E-01
   0.2194830      0.5096850E-01
   0.2077201      0.5143496E-01
   0.1960405      0.5189649E-01
   0.1845262      0.5234988E-01
   0.1733412      0.5279109E-01
   0.1627964      0.5318990E-01
   0.1530391      0.5329001E-01
   0.1433893      0.5303621E-01
   0.1337690      0.5250335E-01
   0.1241108      0.5170714E-01
   0.1144402      0.5067186E-01
   0.1048045      0.4941305E-01
   0.9528575E-01  0.4795042E-01
   0.8599470E-01  0.4630996E-01
   0.7708176E-01  0.4452778E-01
   0.6871734E-01  0.4265374E-01
   0.6107977E-01  0.4074841E-01
   0.5425425E-01  0.3887278E-01
   0.4833023E-01  0.3710093E-01
   0.4330564E-01  0.3536043E-01
   0.3905206E-01  0.3356834E-01
   0.3541802E-01  0.3165280E-01
   0.3225666E-01  0.2956015E-01
   0.2946007E-01  0.2732510E-01
   0.2699197E-01  0.2503212E-01
   0.2479988E-01  0.2281436E-01
   0.2274837E-01  0.2082470E-01
   0.2071613E-01  0.1913865E-01
   0.1861948E-01  0.1777369E-01
   0.1647843E-01  0.1662808E-01
   0.1435072E-01  0.1558560E-01
   0.1229378E-01  0.1455623E-01
   0.1035975E-01  0.1347405E-01
   0.8575280E-02  0.1232203E-01
   0.6955496E-02  0.1110758E-01
   0.5509387E-02  0.9844873E-02
   0.4237132E-02  0.8551080E-02
   0.3134929E-02  0.7245636E-02
   0.2206580E-02  0.5951329E-02
   0.1447797E-02  0.4678100E-02
   0.8504300E-03  0.3426023E-02
   0.4080443E-03  0.2190211E-02
   0.1183515E-03  0.9629050E-03
  -0.1523529E-04 -0.2660429E-03
   0.9850801E-05 -0.1507905E-02
   0.1868314E-03 -0.2771165E-02
   0.5141666E-03 -0.4062425E-02
   0.9966121E-03 -0.5386657E-02
   0.1644652E-02 -0.6746249E-02
   0.2473808E-02 -0.8138368E-02
   0.3502032E-02 -0.9549002E-02
   0.4747561E-02 -0.1095554E-01
   0.6236182E-02 -0.1235600E-01
   0.7993118E-02 -0.1375900E-01
   0.1003690E-01 -0.1518546E-01
   0.1237571E-01 -0.1667772E-01
   0.1504011E-01 -0.1827069E-01
   0.1809967E-01 -0.1997084E-01
   0.2164305E-01 -0.2177905E-01
   0.2577577E-01 -0.2370020E-01
   0.3059690E-01 -0.2574565E-01
   0.3617296E-01 -0.2790652E-01
   0.4256469E-01 -0.3014229E-01
   0.4982790E-01 -0.3245301E-01
   0.5779526E-01 -0.3480068E-01
   0.6623531E-01 -0.3705552E-01
   0.7502390E-01 -0.3914428E-01
   0.8405424E-01 -0.4101742E-01
   0.9328379E-01 -0.4265203E-01
   0.1027055     -0.4404271E-01
   0.1123375     -0.4519328E-01
   0.1222269     -0.4612076E-01
   0.1324133     -0.4684421E-01
   0.1429980     -0.4739865E-01
   0.1540326     -0.4785725E-01
   0.1654299     -0.4830360E-01
   0.1770490     -0.4876360E-01
   0.1887822     -0.4922757E-01
   0.2005698     -0.4969377E-01
   0.2123807     -0.5016089E-01
   0.2241979     -0.5062827E-01
   0.2360081     -0.5109537E-01
   0.2477935     -0.5156148E-01
   0.2595210     -0.5202531E-01
   0.2711242     -0.5248420E-01
   0.2824743     -0.5293294E-01
   0.2933486     -0.5336466E-01
   0.3034530     -0.5376338E-01
   0.3124777     -0.5411362E-01
   0.3203637     -0.5448116E-01
   0.3271739     -0.5463169E-01
   0.3330157     -0.5477311E-01
   0.3383763     -0.5548691E-01
   0.3439190     -0.5682709E-01
   0.3501160     -0.5827182E-01
   0.3569366     -0.5949963E-01
   0.3642518     -0.6045623E-01
   0.3723493     -0.6104104E-01
   0.3817290     -0.6147059E-01
   0.3920179     -0.6189356E-01
   0.4029901     -0.6232485E-01
   0.4143872     -0.6277700E-01
   0.4260131     -0.6323743E-01
   0.4377516     -0.6370240E-01
   0.4495435     -0.6416949E-01
   0.4613598     -0.6463755E-01
   0.4731870     -0.6510603E-01
   0.4850181     -0.6557468E-01
   0.4968490     -0.6604341E-01
   0.5086760     -0.6651205E-01
   0.5204921     -0.6698023E-01
   0.5322838     -0.6744732E-01
   0.5440224     -0.6791220E-01
   0.5556499     -0.6837217E-01
   0.5670491     -0.6882456E-01
   0.5780443     -0.6925605E-01
   0.5882580     -0.6957462E-01
   0.5979345     -0.6959724E-01
   0.6071813     -0.6939594E-01
   0.6159928     -0.6892747E-01
   0.6242985     -0.6836641E-01
   0.6316010     -0.6763871E-01
   0.6381097     -0.6706793E-01
   0.6446501     -0.6719898E-01
   0.6520874     -0.6760090E-01
   0.6606519     -0.6790566E-01
   0.6703119     -0.6829758E-01
   0.6808600     -0.6871375E-01
   0.6919458     -0.6915572E-01
   0.7032510     -0.6960559E-01
   0.7144847     -0.7005369E-01
   0.7253637     -0.7048770E-01
   0.7354611     -0.7081364E-01
   0.7449873     -0.7078698E-01
   0.7542969     -0.7043961E-01
   0.7635759     -0.6965162E-01
   0.7734343     -0.6847620E-01
   0.7838825     -0.6707767E-01
   0.7947472     -0.6555031E-01
   0.8058302     -0.6393401E-01
   0.8170500     -0.6223523E-01
   0.8283474     -0.6047978E-01
   0.8396643     -0.5867603E-01
   0.8509654     -0.5682801E-01
   0.8622318     -0.5492700E-01
   0.8734926     -0.5296325E-01
   0.8847603     -0.5094014E-01
   0.8960450     -0.4886196E-01
   0.9073146     -0.4674546E-01
   0.9185226     -0.4460133E-01
   0.9295701     -0.4246304E-01
   0.9402234     -0.4039128E-01
   0.9501411     -0.3844972E-01
   0.9589895     -0.3669578E-01
   0.9665769     -0.3515958E-01
   0.9729162     -0.3383617E-01
   0.9781660     -0.3269180E-01
   0.9825430     -0.3168266E-01
   0.9862366     -0.3077006E-01
   0.9893871     -0.2992784E-01
   0.9921060     -0.2914178E-01
   0.9944851     -0.2840603E-01
   0.9965966     -0.2771498E-01
   0.9984947     -0.2706281E-01
    1.000000     -0.2652449E-01
