    1.000000      0.7608107E-02
   0.9988508      0.9242157E-02
   0.9973574      0.1102754E-01
   0.9956562      0.1270119E-01
   0.9937072      0.1425420E-01
   0.9914573      0.1567907E-01
   0.9888700      0.1700698E-01
   0.9859252      0.1830111E-01
   0.9826356      0.1965591E-01
   0.9790165      0.2112783E-01
   0.9750214      0.2269300E-01
   0.9705505      0.2432746E-01
   0.9654819      0.2605988E-01
   0.9597178      0.2793523E-01
   0.9531781      0.2996761E-01
   0.9457672      0.3216757E-01
   0.9374338      0.3453695E-01
   0.9282056      0.3703668E-01
   0.9181757      0.3961491E-01
   0.9075264      0.4220324E-01
   0.8964839      0.4473012E-01
   0.8853241      0.4712778E-01
   0.8742779      0.4931783E-01
   0.8635672      0.5120352E-01
   0.8531106      0.5265444E-01
   0.8427665      0.5366702E-01
   0.8323482      0.5421706E-01
   0.8216347      0.5434330E-01
   0.8104762      0.5420595E-01
   0.7992222      0.5402703E-01
   0.7884219      0.5385685E-01
   0.7785022      0.5370190E-01
   0.7696773      0.5356042E-01
   0.7619686      0.5344443E-01
   0.7552658      0.5334404E-01
   0.7494211      0.5321444E-01
   0.7443007      0.5312378E-01
   0.7397653      0.5314155E-01
   0.7356719      0.5317778E-01
   0.7319131      0.5306686E-01
   0.7284314      0.5273242E-01
   0.7252284      0.5235208E-01
   0.7223013      0.5220642E-01
   0.7196164      0.5249106E-01
   0.7171282      0.5337151E-01
   0.7147150      0.5476368E-01
   0.7122033      0.5637711E-01
   0.7094092      0.5785793E-01
   0.7062417      0.5911061E-01
   0.7026951      0.6027694E-01
   0.6987860      0.6147866E-01
   0.6944902      0.6268356E-01
   0.6897378      0.6383753E-01
   0.6844213      0.6494303E-01
   0.6784538      0.6603055E-01
   0.6717816      0.6709174E-01
   0.6643336      0.6810596E-01
   0.6560538      0.6905924E-01
   0.6469395      0.6992101E-01
   0.6370161      0.7065971E-01
   0.6263425      0.7122634E-01
   0.6149123      0.7159993E-01
   0.6027677      0.7180479E-01
   0.5899689      0.7184891E-01
   0.5765489      0.7176069E-01
   0.5625852      0.7158071E-01
   0.5481663      0.7135595E-01
   0.5334581      0.7111992E-01
   0.5185942      0.7088051E-01
   0.5036780      0.7064033E-01
   0.4887983      0.7040075E-01
   0.4740549      0.7016340E-01
   0.4595833      0.6993053E-01
   0.4455768      0.6970546E-01
   0.4322857      0.6949223E-01
   0.4199749      0.6928995E-01
   0.4088183      0.6913161E-01
   0.3987962      0.6881719E-01
   0.3894472      0.6798970E-01
   0.3803947      0.6668004E-01
   0.3715714      0.6500557E-01
   0.3629717      0.6297064E-01
   0.3545579      0.6064470E-01
   0.3464445      0.5815384E-01
   0.3388120      0.5549854E-01
   0.3315826      0.5271812E-01
   0.3246898      0.5010030E-01
   0.3183402      0.4781576E-01
   0.3125690      0.4631439E-01
   0.3068168      0.4590901E-01
   0.3004954      0.4603070E-01
   0.2933560      0.4592077E-01
   0.2852511      0.4574973E-01
   0.2759393      0.4561693E-01
   0.2653246      0.4544234E-01
   0.2534412      0.4525582E-01
   0.2404746      0.4505050E-01
   0.2267015      0.4483268E-01
   0.2124012      0.4460655E-01
   0.1978044      0.4437577E-01
   0.1830912      0.4414314E-01
   0.1684161      0.4391104E-01
   0.1539419      0.4368199E-01
   0.1398705      0.4345901E-01
   0.1264474      0.4324908E-01
   0.1139000      0.4301621E-01
   0.1023348      0.4269778E-01
   0.9182364E-01  0.4227051E-01
   0.8234356E-01  0.4166938E-01
   0.7374724E-01  0.4085771E-01
   0.6593807E-01  0.3990081E-01
   0.5888685E-01  0.3882468E-01
   0.5252146E-01  0.3763862E-01
   0.4677204E-01  0.3636420E-01
   0.4157653E-01  0.3502074E-01
   0.3687624E-01  0.3362372E-01
   0.3261882E-01  0.3218408E-01
   0.2875714E-01  0.3071107E-01
   0.2525006E-01  0.2921037E-01
   0.2205912E-01  0.2768663E-01
   0.1915360E-01  0.2614169E-01
   0.1650913E-01  0.2457738E-01
   0.1410395E-01  0.2299687E-01
   0.1192425E-01  0.2140064E-01
   0.9958628E-02  0.1978581E-01
   0.8193151E-02  0.1814878E-01
   0.6614238E-02  0.1648616E-01
   0.5214243E-02  0.1479948E-01
   0.3989811E-02  0.1309455E-01
   0.2937776E-02  0.1137862E-01
   0.2053949E-02  0.9659599E-02
   0.1333259E-02  0.7947328E-02
   0.7709979E-03  0.6255794E-02
   0.3611926E-03  0.4591658E-02
   0.9897143E-04  0.2954514E-02
  -0.1722678E-04  0.1339324E-02
   0.1604439E-04 -0.2625429E-03
   0.2032747E-03 -0.1863364E-02
   0.5419616E-03 -0.3476148E-02
   0.1033426E-02 -0.5110834E-02
   0.1683326E-02 -0.6773632E-02
   0.2499638E-02 -0.8465186E-02
   0.3488976E-02 -0.1017671E-01
   0.4655035E-02 -0.1189322E-01
   0.6001899E-02 -0.1360601E-01
   0.7530840E-02 -0.1530887E-01
   0.9241092E-02 -0.1699909E-01
   0.1113360E-01 -0.1867923E-01
   0.1322277E-01 -0.2035323E-01
   0.1553191E-01 -0.2202307E-01
   0.1808624E-01 -0.2368918E-01
   0.2091113E-01 -0.2535047E-01
   0.2403445E-01 -0.2700929E-01
   0.2748530E-01 -0.2867214E-01
   0.3129603E-01 -0.3034616E-01
   0.3551175E-01 -0.3202825E-01
   0.4018425E-01 -0.3371319E-01
   0.4536995E-01 -0.3539710E-01
   0.5112156E-01 -0.3707622E-01
   0.5748335E-01 -0.3873905E-01
   0.6448212E-01 -0.4036608E-01
   0.7211789E-01 -0.4192590E-01
   0.8035851E-01 -0.4337655E-01
   0.8914415E-01 -0.4466765E-01
   0.9840389E-01 -0.4574072E-01
   0.1081053     -0.4653115E-01
   0.1182610     -0.4693311E-01
   0.1293046     -0.4687523E-01
   0.1415220     -0.4667481E-01
   0.1547279     -0.4646763E-01
   0.1686820     -0.4624658E-01
   0.1831337     -0.4601810E-01
   0.1978905     -0.4578484E-01
   0.2128247     -0.4554872E-01
   0.2278577     -0.4531098E-01
   0.2429425     -0.4507239E-01
   0.2580503     -0.4483335E-01
   0.2731638     -0.4459402E-01
   0.2882891     -0.4435004E-01
   0.3034306     -0.4410610E-01
   0.3185821     -0.4386198E-01
   0.3337389     -0.4361778E-01
   0.3488987     -0.4337353E-01
   0.3640600     -0.4312922E-01
   0.3792221     -0.4288501E-01
   0.3943850     -0.4264069E-01
   0.4095483     -0.4239630E-01
   0.4247120     -0.4215191E-01
   0.4398758     -0.4190759E-01
   0.4550398     -0.4166325E-01
   0.4702039     -0.4141890E-01
   0.4853681     -0.4117454E-01
   0.5005324     -0.4093019E-01
   0.5156966     -0.4068584E-01
   0.5308609     -0.4044147E-01
   0.5460251     -0.4019712E-01
   0.5611893     -0.3995280E-01
   0.5763534     -0.3970848E-01
   0.5915175     -0.3946414E-01
   0.6066814     -0.3921979E-01
   0.6218450     -0.3897543E-01
   0.6370081     -0.3873112E-01
   0.6521706     -0.3848690E-01
   0.6673318     -0.3824270E-01
   0.6824906     -0.3799845E-01
   0.6976454     -0.3775407E-01
   0.7127940     -0.3750986E-01
   0.7279316     -0.3726585E-01
   0.7430492     -0.3702226E-01
   0.7581349     -0.3678021E-01
   0.7731936     -0.3654403E-01
   0.7882059     -0.3630817E-01
   0.8031197     -0.3607390E-01
   0.8178507     -0.3584240E-01
   0.8322741     -0.3560307E-01
   0.8462695     -0.3532823E-01
   0.8597347     -0.3498546E-01
   0.8725559     -0.3455734E-01
   0.8846616     -0.3396007E-01
   0.8961535     -0.3311735E-01
   0.9071394     -0.3201930E-01
   0.9176363     -0.3074039E-01
   0.9274934     -0.2936912E-01
   0.9365732     -0.2795982E-01
   0.9447962     -0.2656249E-01
   0.9521406     -0.2521429E-01
   0.9586539     -0.2392841E-01
   0.9644130     -0.2270311E-01
   0.9695009     -0.2152565E-01
   0.9740223     -0.2037188E-01
   0.9780879     -0.1923939E-01
   0.9817739     -0.1815063E-01
   0.9851158     -0.1711363E-01
   0.9881062     -0.1606214E-01
   0.9907565     -0.1492728E-01
   0.9930962     -0.1366548E-01
   0.9951681     -0.1226589E-01
   0.9970198     -0.1074320E-01
   0.9986857     -0.9108984E-02
    1.000000     -0.7608107E-02
