    1.000000       0.000000    
   0.9988534      0.1220177E-02
   0.9974185      0.2611300E-02
   0.9958471      0.3981096E-02
   0.9941190      0.5323916E-02
   0.9922094      0.6632465E-02
   0.9900898      0.7898877E-02
   0.9877356      0.9119994E-02
   0.9851197      0.1029448E-01
   0.9822084      0.1142232E-01
   0.9789506      0.1251435E-01
   0.9752685      0.1360799E-01
   0.9710781      0.1476930E-01
   0.9662985      0.1604647E-01
   0.9608243      0.1744698E-01
   0.9544955      0.1899942E-01
   0.9471560      0.2075685E-01
   0.9387275      0.2273717E-01
   0.9291939      0.2493156E-01
   0.9186473      0.2731069E-01
   0.9072920      0.2982463E-01
   0.8953775      0.3240997E-01
   0.8831319      0.3500727E-01
   0.8707288      0.3756892E-01
   0.8582948      0.4006066E-01
   0.8459282      0.4245398E-01
   0.8337091      0.4472032E-01
   0.8217114      0.4685292E-01
   0.8101310      0.4885676E-01
   0.7992566      0.5063603E-01
   0.7890454      0.5203301E-01
   0.7791718      0.5296561E-01
   0.7692159      0.5346419E-01
   0.7589358      0.5358149E-01
   0.7479512      0.5343924E-01
   0.7364967      0.5327542E-01
   0.7250933      0.5311208E-01
   0.7142275      0.5295632E-01
   0.7042796      0.5281797E-01
   0.6954490      0.5267964E-01
   0.6877283      0.5260883E-01
   0.6809499      0.5247686E-01
   0.6749780      0.5225526E-01
   0.6694987      0.5255312E-01
   0.6639960      0.5351748E-01
   0.6579973      0.5463490E-01
   0.6512270      0.5554851E-01
   0.6436437      0.5647710E-01
   0.6353765      0.5745073E-01
   0.6265278      0.5834977E-01
   0.6173033      0.5910455E-01
   0.6077957      0.5953538E-01
   0.5975964      0.5954873E-01
   0.5862457      0.5939188E-01
   0.5740058      0.5921811E-01
   0.5611120      0.5903716E-01
   0.5477952      0.5884931E-01
   0.5342249      0.5865806E-01
   0.5205138      0.5846480E-01
   0.5067323      0.5827054E-01
   0.4929265      0.5807594E-01
   0.4791342      0.5788154E-01
   0.4653975      0.5768793E-01
   0.4517783      0.5749601E-01
   0.4383757      0.5730716E-01
   0.4253459      0.5712337E-01
   0.4129088      0.5694830E-01
   0.4013280      0.5678502E-01
   0.3907966      0.5665331E-01
   0.3814919      0.5645900E-01
   0.3732559      0.5598048E-01
   0.3656940      0.5510122E-01
   0.3585166      0.5390422E-01
   0.3516983      0.5259206E-01
   0.3453845      0.5133432E-01
   0.3397032      0.4997064E-01
   0.3345746      0.4857766E-01
   0.3296934      0.4759745E-01
   0.3246502      0.4730925E-01
   0.3190582      0.4739402E-01
   0.3127024      0.4732048E-01
   0.3054313      0.4718127E-01
   0.2970272      0.4707709E-01
   0.2873810      0.4693745E-01
   0.2765263      0.4678502E-01
   0.2646382      0.4661582E-01
   0.2519806      0.4643610E-01
   0.2388160      0.4624910E-01
   0.2253517      0.4605784E-01
   0.2117337      0.4586441E-01
   0.1980660      0.4567026E-01
   0.1844378      0.4547666E-01
   0.1709501      0.4528508E-01
   0.1577421      0.4509700E-01
   0.1450055      0.4491739E-01
   0.1329451      0.4471062E-01
   0.1216795      0.4439343E-01
   0.1111186      0.4387152E-01
   0.1011382      0.4313672E-01
   0.9171595E-01  0.4219698E-01
   0.8283264E-01  0.4105322E-01
   0.7448667E-01  0.3972937E-01
   0.6669766E-01  0.3825683E-01
   0.5948349E-01  0.3667555E-01
   0.5285972E-01  0.3503197E-01
   0.4683475E-01  0.3337109E-01
   0.4138564E-01  0.3172525E-01
   0.3647132E-01  0.3013138E-01
   0.3206098E-01  0.2862298E-01
   0.2811962E-01  0.2718859E-01
   0.2459204E-01  0.2580227E-01
   0.2142226E-01  0.2444440E-01
   0.1856572E-01  0.2310183E-01
   0.1598469E-01  0.2176735E-01
   0.1365103E-01  0.2043245E-01
   0.1154310E-01  0.1908567E-01
   0.9639306E-02  0.1771849E-01
   0.7920008E-02  0.1632482E-01
   0.6376507E-02  0.1490249E-01
   0.5009744E-02  0.1345307E-01
   0.3819263E-02  0.1197895E-01
   0.2802897E-02  0.1048296E-01
   0.1956977E-02  0.8968193E-02
   0.1274498E-02  0.7443826E-02
   0.7447687E-03  0.5923029E-02
   0.3580178E-03  0.4412773E-02
   0.1071236E-03  0.2915189E-02
  -0.1153417E-04  0.1428996E-02
   0.2691902E-05 -0.4981218E-04
   0.1531243E-03 -0.1527973E-02
   0.4393811E-03 -0.3013456E-02
   0.8641314E-03 -0.4512331E-02
   0.1434618E-02 -0.6028137E-02
   0.2162223E-02 -0.7560932E-02
   0.3061644E-02 -0.9105092E-02
   0.4148350E-02 -0.1064728E-01
   0.5432196E-02 -0.1218564E-01
   0.6916595E-02 -0.1373319E-01
   0.8597755E-02 -0.1531001E-01
   0.1046042E-01 -0.1694614E-01
   0.1248141E-01 -0.1867891E-01
   0.1466631E-01 -0.2052492E-01
   0.1702706E-01 -0.2248878E-01
   0.1956538E-01 -0.2456521E-01
   0.2228398E-01 -0.2670459E-01
   0.2521859E-01 -0.2881020E-01
   0.2845692E-01 -0.3078954E-01
   0.3211241E-01 -0.3263465E-01
   0.3626887E-01 -0.3442500E-01
   0.4095852E-01 -0.3623360E-01
   0.4620215E-01 -0.3807476E-01
   0.5204508E-01 -0.3996155E-01
   0.5853904E-01 -0.4188579E-01
   0.6569855E-01 -0.4382145E-01
   0.7350418E-01 -0.4573516E-01
   0.8190376E-01 -0.4758771E-01
   0.9081110E-01 -0.4933685E-01
   0.1001197     -0.5094317E-01
   0.1097143     -0.5236844E-01
   0.1195005     -0.5357834E-01
   0.1294082     -0.5453622E-01
   0.1394634     -0.5520724E-01
   0.1497137     -0.5551166E-01
   0.1607538     -0.5542511E-01
   0.1727815     -0.5525207E-01
   0.1855224     -0.5507298E-01
   0.1987462     -0.5488579E-01
   0.2122634     -0.5469307E-01
   0.2259510     -0.5449771E-01
   0.2397337     -0.5430146E-01
   0.2535679     -0.5410479E-01
   0.2674287     -0.5390794E-01
   0.2813014     -0.5371086E-01
   0.2951823     -0.5351515E-01
   0.3090716     -0.5331935E-01
   0.3229659     -0.5312350E-01
   0.3368629     -0.5292761E-01
   0.3507612     -0.5273172E-01
   0.3646603     -0.5253576E-01
   0.3785598     -0.5233982E-01
   0.3924593     -0.5214397E-01
   0.4063589     -0.5194814E-01
   0.4202587     -0.5175221E-01
   0.4341588     -0.5155624E-01
   0.4480590     -0.5136028E-01
   0.4619593     -0.5116436E-01
   0.4758597     -0.5096843E-01
   0.4897602     -0.5077249E-01
   0.5036606     -0.5057655E-01
   0.5175611     -0.5038061E-01
   0.5314615     -0.5018468E-01
   0.5453620     -0.4998875E-01
   0.5592624     -0.4979280E-01
   0.5731628     -0.4959687E-01
   0.5870631     -0.4940095E-01
   0.6009632     -0.4920502E-01
   0.6148631     -0.4900910E-01
   0.6287626     -0.4881322E-01
   0.6426614     -0.4861733E-01
   0.6565590     -0.4842137E-01
   0.6704550     -0.4822549E-01
   0.6843477     -0.4802964E-01
   0.6982343     -0.4783393E-01
   0.7121100     -0.4763818E-01
   0.7259665     -0.4744268E-01
   0.7397866     -0.4724767E-01
   0.7535399     -0.4705372E-01
   0.7671737     -0.4685789E-01
   0.7806278     -0.4664740E-01
   0.7938532     -0.4640013E-01
   0.8068291     -0.4609637E-01
   0.8195196     -0.4571908E-01
   0.8318691     -0.4524095E-01
   0.8440526     -0.4451197E-01
   0.8563953     -0.4362991E-01
   0.8687781     -0.4264076E-01
   0.8810823     -0.4157065E-01
   0.8931827     -0.4041573E-01
   0.9049596     -0.3920236E-01
   0.9161821     -0.3797382E-01
   0.9266371     -0.3674613E-01
   0.9361615     -0.3554848E-01
   0.9446709     -0.3441004E-01
   0.9521513     -0.3336462E-01
   0.9586543     -0.3241998E-01
   0.9642973     -0.3155808E-01
   0.9692194     -0.3075790E-01
   0.9735371     -0.3000612E-01
   0.9773492     -0.2928730E-01
   0.9807451     -0.2855680E-01
   0.9837997     -0.2778214E-01
   0.9865633     -0.2694529E-01
   0.9890456     -0.2602380E-01
   0.9912590     -0.2500047E-01
   0.9932206     -0.2386321E-01
   0.9949512     -0.2260593E-01
   0.9964835     -0.2123703E-01
   0.9978454     -0.1976533E-01
   0.9990576     -0.1819713E-01
    1.000000     -0.1676286E-01
