    1.000000       0.000000    
   0.9985793      0.5932011E-03
   0.9968183      0.1274282E-02
   0.9949017      0.1948947E-02
   0.9927974      0.2611918E-02
   0.9904622      0.3255062E-02
   0.9878382      0.3870396E-02
   0.9848530      0.4468510E-02
   0.9814157      0.5080103E-02
   0.9774237      0.5761505E-02
   0.9727607      0.6543061E-02
   0.9672725      0.7430164E-02
   0.9607396      0.8451737E-02
   0.9529910      0.9656835E-02
   0.9440479      0.1104867E-01
   0.9341002      0.1256424E-01
   0.9234028      0.1411731E-01
   0.9121571      0.1566941E-01
   0.9006217      0.1719677E-01
   0.8888785      0.1865131E-01
   0.8770391      0.2007800E-01
   0.8653153      0.2141193E-01
   0.8536548      0.2262318E-01
   0.8420376      0.2370473E-01
   0.8303722      0.2466188E-01
   0.8186800      0.2552497E-01
   0.8069826      0.2624256E-01
   0.7949977      0.2685437E-01
   0.7828354      0.2741900E-01
   0.7704800      0.2794574E-01
   0.7579972      0.2844781E-01
   0.7454039      0.2893601E-01
   0.7327325      0.2941943E-01
   0.7200152      0.2990417E-01
   0.7072729      0.3038999E-01
   0.6945180      0.3087629E-01
   0.6817568      0.3136280E-01
   0.6689925      0.3184944E-01
   0.6562268      0.3233613E-01
   0.6434603      0.3282284E-01
   0.6306935      0.3330956E-01
   0.6179265      0.3379628E-01
   0.6051594      0.3428301E-01
   0.5923924      0.3476974E-01
   0.5796253      0.3525646E-01
   0.5668582      0.3574316E-01
   0.5540911      0.3622986E-01
   0.5413240      0.3671659E-01
   0.5285568      0.3720333E-01
   0.5157897      0.3769007E-01
   0.5030225      0.3817680E-01
   0.4902554      0.3866353E-01
   0.4774882      0.3915025E-01
   0.4647210      0.3963696E-01
   0.4519539      0.4012367E-01
   0.4391867      0.4061038E-01
   0.4264195      0.4109710E-01
   0.4136524      0.4158382E-01
   0.4008852      0.4207055E-01
   0.3881181      0.4255728E-01
   0.3753510      0.4304401E-01
   0.3625839      0.4353073E-01
   0.3498170      0.4401744E-01
   0.3370503      0.4450412E-01
   0.3242837      0.4499082E-01
   0.3115175      0.4547750E-01
   0.2987522      0.4596414E-01
   0.2859888      0.4645075E-01
   0.2732276      0.4693694E-01
   0.2604694      0.4742298E-01
   0.2477190      0.4790870E-01
   0.2349840      0.4839425E-01
   0.2222779      0.4887943E-01
   0.2096299      0.4936279E-01
   0.1970985      0.4984083E-01
   0.1847837      0.5030811E-01
   0.1728730      0.5075992E-01
   0.1616250      0.5118667E-01
   0.1514043      0.5140324E-01
   0.1415538      0.5121265E-01
   0.1317755      0.5072401E-01
   0.1220242      0.4995753E-01
   0.1122872      0.4894399E-01
   0.1026319      0.4770586E-01
   0.9315229E-01  0.4626853E-01
   0.8397453E-01  0.4466419E-01
   0.7524664E-01  0.4293420E-01
   0.6710454E-01  0.4112448E-01
   0.5967659E-01  0.3929019E-01
   0.5301526E-01  0.3746642E-01
   0.4708285E-01  0.3569259E-01
   0.4190649E-01  0.3402465E-01
   0.3745877E-01  0.3237103E-01
   0.3360222E-01  0.3063241E-01
   0.3021290E-01  0.2878906E-01
   0.2720540E-01  0.2683934E-01
   0.2450762E-01  0.2479680E-01
   0.2206095E-01  0.2271836E-01
   0.1983929E-01  0.2067198E-01
   0.1781478E-01  0.1873092E-01
   0.1592883E-01  0.1696122E-01
   0.1412545E-01  0.1539115E-01
   0.1236000E-01  0.1402685E-01
   0.1062315E-01  0.1283276E-01
   0.8952453E-02  0.1172650E-01
   0.7382422E-02  0.1064434E-01
   0.5939537E-02  0.9541217E-02
   0.4642468E-02  0.8386343E-02
   0.3502423E-02  0.7170979E-02
   0.2522473E-02  0.5916211E-02
   0.1699724E-02  0.4638290E-02
   0.1029794E-02  0.3345742E-02
   0.5095154E-03  0.2041780E-02
   0.1385349E-03  0.7257491E-03
  -0.7974961E-04 -0.6061937E-03
  -0.1470939E-03 -0.1959203E-02
  -0.7117377E-04 -0.3336908E-02
   0.1447408E-03 -0.4741455E-02
   0.5012890E-03 -0.6173159E-02
   0.1002171E-02 -0.7629588E-02
   0.1653157E-02 -0.9103868E-02
   0.2460503E-02 -0.1058235E-01
   0.3432294E-02 -0.1205465E-01
   0.4579751E-02 -0.1352076E-01
   0.5914326E-02 -0.1498209E-01
   0.7447003E-02 -0.1644135E-01
   0.9187484E-02 -0.1790335E-01
   0.1115062E-01 -0.1937479E-01
   0.1336728E-01 -0.2086304E-01
   0.1587396E-01 -0.2237844E-01
   0.1870848E-01 -0.2393556E-01
   0.2191648E-01 -0.2554394E-01
   0.2556068E-01 -0.2720482E-01
   0.2972181E-01 -0.2892427E-01
   0.3450327E-01 -0.3072389E-01
   0.3999739E-01 -0.3263538E-01
   0.4624233E-01 -0.3466281E-01
   0.5319133E-01 -0.3676626E-01
   0.6075185E-01 -0.3885149E-01
   0.6884218E-01 -0.4084008E-01
   0.7736684E-01 -0.4267158E-01
   0.8626229E-01 -0.4430293E-01
   0.9550038E-01 -0.4571385E-01
   0.1050832     -0.4689750E-01
   0.1150430     -0.4786266E-01
   0.1254153     -0.4862236E-01
   0.1363163     -0.4919465E-01
   0.1478541     -0.4966831E-01
   0.1599023     -0.5012466E-01
   0.1722783     -0.5059702E-01
   0.1848405     -0.5107540E-01
   0.1974960     -0.5155755E-01
   0.2101888     -0.5204110E-01
   0.2228798     -0.5252458E-01
   0.2355286     -0.5300646E-01
   0.2480749     -0.5348443E-01
   0.2604132     -0.5395446E-01
   0.2723629     -0.5440981E-01
   0.2836542     -0.5483932E-01
   0.2939668     -0.5523597E-01
   0.3030647     -0.5557152E-01
   0.3108902     -0.5589079E-01
   0.3176331     -0.5616788E-01
   0.3234540     -0.5621892E-01
   0.3285793     -0.5650035E-01
   0.3334781     -0.5746261E-01
   0.3387028     -0.5890256E-01
   0.3446436     -0.6034329E-01
   0.3512938     -0.6176658E-01
   0.3583447     -0.6317597E-01
   0.3656951     -0.6430315E-01
   0.3736114     -0.6504734E-01
   0.3825492     -0.6549845E-01
   0.3926788     -0.6587644E-01
   0.4038319     -0.6630114E-01
   0.4156977     -0.6675341E-01
   0.4279907     -0.6722210E-01
   0.4405171     -0.6769963E-01
   0.4531638     -0.6818174E-01
   0.4658702     -0.6866613E-01
   0.4786043     -0.6915160E-01
   0.4913487     -0.6963746E-01
   0.5040909     -0.7012324E-01
   0.5168176     -0.7060842E-01
   0.5295072     -0.7109219E-01
   0.5421199     -0.7157302E-01
   0.5545796     -0.7204779E-01
   0.5667487     -0.7251212E-01
   0.5784111     -0.7295661E-01
   0.5892465     -0.7335128E-01
   0.5990942     -0.7351084E-01
   0.6083843     -0.7327103E-01
   0.6175300     -0.7272768E-01
   0.6263527     -0.7202416E-01
   0.6346063     -0.7129262E-01
   0.6419727     -0.7056796E-01
   0.6483943     -0.6967635E-01
   0.6542076     -0.6902756E-01
   0.6600474     -0.6905872E-01
   0.6665776     -0.6946040E-01
   0.6741325     -0.6973640E-01
   0.6827963     -0.7005040E-01
   0.6926315     -0.7043315E-01
   0.7034160     -0.7084244E-01
   0.7147581     -0.7127494E-01
   0.7261897     -0.7171149E-01
   0.7372608     -0.7213419E-01
   0.7474853     -0.7241516E-01
   0.7571885     -0.7233756E-01
   0.7666631     -0.7189725E-01
   0.7762682     -0.7101968E-01
   0.7864433     -0.6975596E-01
   0.7973433     -0.6823627E-01
   0.8087583     -0.6659203E-01
   0.8204164     -0.6484800E-01
   0.8322324     -0.6300178E-01
   0.8441574     -0.6106934E-01
   0.8561470     -0.5906759E-01
   0.8681474     -0.5700738E-01
   0.8801349     -0.5488716E-01
   0.8920924     -0.5271501E-01
   0.9039645     -0.5050734E-01
   0.9156318     -0.4829928E-01
   0.9268851     -0.4613486E-01
   0.9374465     -0.4407517E-01
   0.9470072     -0.4218203E-01
   0.9553719     -0.4048783E-01
   0.9625204     -0.3899132E-01
   0.9685783     -0.3766794E-01
   0.9737070     -0.3649142E-01
   0.9780732     -0.3542049E-01
   0.9818364     -0.3441595E-01
   0.9851228     -0.3345727E-01
   0.9880201     -0.3253640E-01
   0.9905938     -0.3164941E-01
   0.9928971     -0.3079494E-01
   0.9949759     -0.2997296E-01
   0.9968679     -0.2918201E-01
   0.9986031     -0.2841994E-01
    1.000000     -0.2778050E-01
