    1.000000       0.000000    
   0.9993333      0.2074860E-02
   0.9982709      0.4284187E-02
   0.9968523      0.6300798E-02
   0.9950093      0.8123324E-02
   0.9926929      0.9776295E-02
   0.9899106      0.1132120E-01
   0.9867315      0.1283402E-01
   0.9831832      0.1433070E-01
   0.9791863      0.1578126E-01
   0.9746168      0.1718013E-01
   0.9693791      0.1853890E-01
   0.9633951      0.1983729E-01
   0.9565422      0.2104509E-01
   0.9487080      0.2215807E-01
   0.9398560      0.2315736E-01
   0.9299980      0.2399112E-01
   0.9191557      0.2463295E-01
   0.9074053      0.2509708E-01
   0.8948546      0.2540237E-01
   0.8815899      0.2558825E-01
   0.8677570      0.2574228E-01
   0.8536004      0.2589992E-01
   0.8392807      0.2605952E-01
   0.8248916      0.2621995E-01
   0.8104878      0.2638020E-01
   0.7960646      0.2652843E-01
   0.7816061      0.2667770E-01
   0.7671269      0.2682696E-01
   0.7526372      0.2697633E-01
   0.7381424      0.2712581E-01
   0.7236455      0.2727530E-01
   0.7091477      0.2742470E-01
   0.6946497      0.2757387E-01
   0.6801513      0.2772305E-01
   0.6656525      0.2787249E-01
   0.6511534      0.2802201E-01
   0.6366541      0.2817145E-01
   0.6221545      0.2832088E-01
   0.6076548      0.2847030E-01
   0.5931551      0.2861971E-01
   0.5786555      0.2876909E-01
   0.5641560      0.2891845E-01
   0.5496564      0.2906787E-01
   0.5351568      0.2921732E-01
   0.5206572      0.2936675E-01
   0.5061577      0.2951611E-01
   0.4916583      0.2966544E-01
   0.4771587      0.2981483E-01
   0.4626591      0.2996425E-01
   0.4481596      0.3011368E-01
   0.4336603      0.3026309E-01
   0.4191613      0.3041237E-01
   0.4046624      0.3056157E-01
   0.3901641      0.3071084E-01
   0.3756667      0.3086037E-01
   0.3611698      0.3101024E-01
   0.3466735      0.3115977E-01
   0.3321778      0.3130879E-01
   0.3176822      0.3145811E-01
   0.3031868      0.3160745E-01
   0.2886939      0.3175677E-01
   0.2742070      0.3190604E-01
   0.2597312      0.3205484E-01
   0.2452655      0.3220723E-01
   0.2307894      0.3236203E-01
   0.2163055      0.3251682E-01
   0.2018213      0.3267157E-01
   0.1873456      0.3282623E-01
   0.1728918      0.3298067E-01
   0.1584855      0.3313466E-01
   0.1441774      0.3328765E-01
   0.1300656      0.3343861E-01
   0.1163295      0.3358534E-01
   0.1032533      0.3372541E-01
   0.9119542E-01  0.3385595E-01
   0.8044758E-01  0.3392790E-01
   0.7088244E-01  0.3361736E-01
   0.6211547E-01  0.3285233E-01
   0.5404669E-01  0.3177888E-01
   0.4671474E-01  0.3047928E-01
   0.4012198E-01  0.2901855E-01
   0.3425261E-01  0.2744630E-01
   0.2905805E-01  0.2579571E-01
   0.2447163E-01  0.2408753E-01
   0.2042716E-01  0.2233797E-01
   0.1686683E-01  0.2055900E-01
   0.1373120E-01  0.1876054E-01
   0.1096191E-01  0.1694833E-01
   0.8507955E-02  0.1512666E-01
   0.6356627E-02  0.1328762E-01
   0.4532779E-02  0.1141411E-01
   0.3045457E-02  0.9499227E-02
   0.1887673E-02  0.7546831E-02
   0.1032186E-02  0.5589439E-02
   0.4458890E-03  0.3651381E-02
   0.1052230E-03  0.1736993E-02
   0.2865520E-06 -0.1611400E-03
   0.1311726E-03 -0.2058797E-02
   0.4956612E-03 -0.3971982E-02
   0.1103136E-02 -0.5908425E-02
   0.1975042E-02 -0.7864036E-02
   0.3139693E-02 -0.9814821E-02
   0.4618928E-02 -0.1172527E-01
   0.6419760E-02 -0.1357823E-01
   0.8538636E-02 -0.1536240E-01
   0.1096485E-01 -0.1707306E-01
   0.1371464E-01 -0.1871272E-01
   0.1683613E-01 -0.2028624E-01
   0.2037870E-01 -0.2179948E-01
   0.2439495E-01 -0.2324756E-01
   0.2894576E-01 -0.2461851E-01
   0.3410466E-01 -0.2589573E-01
   0.3997178E-01 -0.2704565E-01
   0.4666982E-01 -0.2804109E-01
   0.5432379E-01 -0.2887144E-01
   0.6303968E-01 -0.2953035E-01
   0.7286237E-01 -0.3000401E-01
   0.8384959E-01 -0.3024323E-01
   0.9610443E-01 -0.3037289E-01
   0.1093045     -0.3051441E-01
   0.1231118     -0.3066200E-01
   0.1372568     -0.3081352E-01
   0.1515722     -0.3096675E-01
   0.1659621     -0.3112068E-01
   0.1803663     -0.3127468E-01
   0.1947319     -0.3142820E-01
   0.2089866     -0.3158047E-01
   0.2230067     -0.3173019E-01
   0.2365794     -0.3187526E-01
   0.2493826     -0.3201096E-01
   0.2610581     -0.3213922E-01
   0.2713444     -0.3221593E-01
   0.2801877     -0.3234977E-01
   0.2878420     -0.3249385E-01
   0.2944592     -0.3232332E-01
   0.3001686     -0.3219276E-01
   0.3053495     -0.3273750E-01
   0.3105191     -0.3428818E-01
   0.3161612     -0.3658361E-01
   0.3221766     -0.3912181E-01
   0.3281374     -0.4208467E-01
   0.3343402     -0.4583829E-01
   0.3411259     -0.5009787E-01
   0.3481989     -0.5423915E-01
   0.3555277     -0.5803792E-01
   0.3631316     -0.6144439E-01
   0.3709349     -0.6437895E-01
   0.3789475     -0.6676997E-01
   0.3874439     -0.6867938E-01
   0.3961988     -0.7023385E-01
   0.4051430     -0.7101998E-01
   0.4155247     -0.7119069E-01
   0.4274111     -0.7131919E-01
   0.4403405     -0.7145192E-01
   0.4539925     -0.7159293E-01
   0.4680556     -0.7173736E-01
   0.4823348     -0.7188399E-01
   0.4967194     -0.7203171E-01
   0.5111476     -0.7217999E-01
   0.5255802     -0.7232850E-01
   0.5399811     -0.7247680E-01
   0.5542986     -0.7262378E-01
   0.5684495     -0.7277037E-01
   0.5823508     -0.7286945E-01
   0.5960234     -0.7287818E-01
   0.6094276     -0.7277799E-01
   0.6225004     -0.7255402E-01
   0.6351278     -0.7219020E-01
   0.6471675     -0.7166387E-01
   0.6584891     -0.7095360E-01
   0.6689654     -0.7001171E-01
   0.6786493     -0.6882137E-01
   0.6874869     -0.6747554E-01
   0.6953750     -0.6605290E-01
   0.7023100     -0.6460036E-01
   0.7083715     -0.6314722E-01
   0.7136312     -0.6172197E-01
   0.7181684     -0.6030826E-01
   0.7221042     -0.5886411E-01
   0.7255677     -0.5737771E-01
   0.7286669     -0.5588918E-01
   0.7314639     -0.5443950E-01
   0.7339911     -0.5304859E-01
   0.7362142     -0.5166268E-01
   0.7381060     -0.5022151E-01
   0.7396686     -0.4869085E-01
   0.7409168     -0.4705204E-01
   0.7418870     -0.4531670E-01
   0.7426806     -0.4357762E-01
   0.7433901     -0.4191589E-01
   0.7440846     -0.4038701E-01
   0.7448201     -0.3903318E-01
   0.7456459     -0.3789165E-01
   0.7466111     -0.3700121E-01
   0.7477533     -0.3638309E-01
   0.7490748     -0.3600861E-01
   0.7505779     -0.3584885E-01
   0.7522694     -0.3587921E-01
   0.7541598     -0.3607480E-01
   0.7562617     -0.3640424E-01
   0.7585844     -0.3681895E-01
   0.7611211     -0.3723305E-01
   0.7638308     -0.3751253E-01
   0.7667112     -0.3760958E-01
   0.7698008     -0.3755511E-01
   0.7731767     -0.3743369E-01
   0.7769907     -0.3738331E-01
   0.7814102     -0.3744117E-01
   0.7866120     -0.3755325E-01
   0.7927649     -0.3762887E-01
   0.8000617     -0.3768361E-01
   0.8087378     -0.3777470E-01
   0.8189264     -0.3788865E-01
   0.8305118     -0.3801766E-01
   0.8431091     -0.3815797E-01
   0.8561965     -0.3830405E-01
   0.8692301     -0.3845129E-01
   0.8816857     -0.3858843E-01
   0.8931455     -0.3857171E-01
   0.9037502     -0.3813788E-01
   0.9137763     -0.3724670E-01
   0.9233787     -0.3590437E-01
   0.9326209     -0.3415487E-01
   0.9414601     -0.3208780E-01
   0.9497782     -0.2983324E-01
   0.9573890     -0.2752809E-01
   0.9641863     -0.2523741E-01
   0.9701587     -0.2298990E-01
   0.9753752     -0.2078576E-01
   0.9799223     -0.1863434E-01
   0.9838746     -0.1653566E-01
   0.9873283     -0.1447779E-01
   0.9903797     -0.1246450E-01
   0.9930609     -0.1050108E-01
   0.9953033     -0.8530204E-02
   0.9970793     -0.6486450E-02
   0.9984217     -0.4332194E-02
   0.9994026     -0.2063075E-02
    1.000000       0.000000    
