    1.000000       0.000000    
   0.9993296      0.1928355E-02
   0.9983562      0.4051421E-02
   0.9971435      0.6067317E-02
   0.9956550      0.7975366E-02
   0.9938398      0.9773783E-02
   0.9916612      0.1148149E-01
   0.9891073      0.1314030E-01
   0.9861897      0.1480565E-01
   0.9829465      0.1653084E-01
   0.9793477      0.1831734E-01
   0.9753171      0.2016258E-01
   0.9707437      0.2208771E-01
   0.9655256      0.2413202E-01
   0.9595830      0.2632081E-01
   0.9528312      0.2866018E-01
   0.9452047      0.3115332E-01
   0.9367342      0.3375130E-01
   0.9274820      0.3636997E-01
   0.9175985      0.3894861E-01
   0.9073200      0.4139629E-01
   0.8968947      0.4361158E-01
   0.8864711      0.4547685E-01
   0.8760335      0.4692172E-01
   0.8654927      0.4791080E-01
   0.8546411      0.4842204E-01
   0.8432202      0.4850818E-01
   0.8310602      0.4836263E-01
   0.8186300      0.4820379E-01
   0.8066263      0.4805003E-01
   0.7956230      0.4790939E-01
   0.7859322      0.4778628E-01
   0.7775993      0.4767594E-01
   0.7704890      0.4759718E-01
   0.7643846      0.4752145E-01
   0.7591049      0.4741248E-01
   0.7545109      0.4732837E-01
   0.7504692      0.4733463E-01
   0.7468528      0.4742005E-01
   0.7435394      0.4745139E-01
   0.7404564      0.4733112E-01
   0.7375640      0.4701830E-01
   0.7348763      0.4662763E-01
   0.7324198      0.4635611E-01
   0.7301912      0.4633316E-01
   0.7281786      0.4665753E-01
   0.7263705      0.4742613E-01
   0.7247129      0.4863638E-01
   0.7231021      0.5015843E-01
   0.7214273      0.5184338E-01
   0.7195567      0.5349290E-01
   0.7173872      0.5496113E-01
   0.7149021      0.5628766E-01
   0.7121124      0.5756282E-01
   0.7090481      0.5888490E-01
   0.7056919      0.6023649E-01
   0.7019893      0.6156137E-01
   0.6978559      0.6283493E-01
   0.6932058      0.6407874E-01
   0.6879682      0.6531196E-01
   0.6820688      0.6652230E-01
   0.6754033      0.6770019E-01
   0.6678747      0.6884472E-01
   0.6594396      0.6993148E-01
   0.6500884      0.7091605E-01
   0.6398449      0.7173384E-01
   0.6286703      0.7234385E-01
   0.6165786      0.7277831E-01
   0.6036771      0.7305681E-01
   0.5900983      0.7319107E-01
   0.5759593      0.7319116E-01
   0.5613314      0.7307975E-01
   0.5462841      0.7289314E-01
   0.5309204      0.7268323E-01
   0.5153809      0.7247260E-01
   0.4997884      0.7226111E-01
   0.4842528      0.7205036E-01
   0.4689049      0.7184219E-01
   0.4539336      0.7163921E-01
   0.4396129      0.7144463E-01
   0.4262809      0.7126522E-01
   0.4142402      0.7110113E-01
   0.4036018      0.7093157E-01
   0.3942146      0.7035677E-01
   0.3853762      0.6906786E-01
   0.3766810      0.6737033E-01
   0.3683812      0.6530889E-01
   0.3603224      0.6279388E-01
   0.3524348      0.5990818E-01
   0.3448459      0.5678373E-01
   0.3375920      0.5342390E-01
   0.3307188      0.5004254E-01
   0.3242929      0.4712779E-01
   0.3179219      0.4477588E-01
   0.3117215      0.4274561E-01
   0.3059603      0.4140422E-01
   0.3001726      0.4108434E-01
   0.2937502      0.4127311E-01
   0.2863909      0.4124522E-01
   0.2779368      0.4114510E-01
   0.2681257      0.4111246E-01
   0.2569380      0.4101070E-01
   0.2443753      0.4084315E-01
   0.2306254      0.4066618E-01
   0.2160283      0.4047763E-01
   0.2009138      0.4028232E-01
   0.1855363      0.4008364E-01
   0.1700858      0.3988404E-01
   0.1547302      0.3968570E-01
   0.1396653      0.3949111E-01
   0.1251542      0.3930414E-01
   0.1115224      0.3912851E-01
   0.9907018E-01  0.3893701E-01
   0.8782267E-01  0.3860052E-01
   0.7775241E-01  0.3812166E-01
   0.6881679E-01  0.3748712E-01
   0.6089298E-01  0.3666761E-01
   0.5381768E-01  0.3567525E-01
   0.4748990E-01  0.3456873E-01
   0.4183679E-01  0.3337348E-01
   0.3677798E-01  0.3210206E-01
   0.3224031E-01  0.3076396E-01
   0.2816079E-01  0.2936879E-01
   0.2448414E-01  0.2792422E-01
   0.2116207E-01  0.2643623E-01
   0.1815926E-01  0.2490729E-01
   0.1544605E-01  0.2334160E-01
   0.1299929E-01  0.2174329E-01
   0.1080441E-01  0.2011205E-01
   0.8844124E-02  0.1844555E-01
   0.7100660E-02  0.1674081E-01
   0.5561883E-02  0.1499962E-01
   0.4222507E-02  0.1323037E-01
   0.3078333E-02  0.1144331E-01
   0.2124169E-02  0.9649295E-02
   0.1353687E-02  0.7861088E-02
   0.7606820E-03  0.6094995E-02
   0.3375024E-03  0.4358185E-02
   0.7815267E-04  0.2649532E-02
  -0.1901732E-04  0.9625280E-03
   0.5051547E-04 -0.7135978E-03
   0.2896834E-03 -0.2392478E-02
   0.6977597E-03 -0.4085390E-02
   0.1280309E-02 -0.5799213E-02
   0.2048228E-02 -0.7535212E-02
   0.3015248E-02 -0.9285687E-02
   0.4193041E-02 -0.1103112E-01
   0.5588399E-02 -0.1275888E-01
   0.7203485E-02 -0.1446406E-01
   0.9035677E-02 -0.1614528E-01
   0.1107932E-01 -0.1780684E-01
   0.1334258E-01 -0.1945506E-01
   0.1585390E-01 -0.2109265E-01
   0.1864649E-01 -0.2272162E-01
   0.2175608E-01 -0.2434395E-01
   0.2522146E-01 -0.2596550E-01
   0.2908092E-01 -0.2759787E-01
   0.3337487E-01 -0.2924849E-01
   0.3815721E-01 -0.3090522E-01
   0.4348923E-01 -0.3255251E-01
   0.4942972E-01 -0.3417538E-01
   0.5601944E-01 -0.3575054E-01
   0.6327642E-01 -0.3724088E-01
   0.7119619E-01 -0.3859893E-01
   0.7974727E-01 -0.3976494E-01
   0.8889933E-01 -0.4066879E-01
   0.9863872E-01 -0.4119893E-01
   0.1093306     -0.4124754E-01
   0.1213681     -0.4108210E-01
   0.1346688     -0.4091331E-01
   0.1489691     -0.4072798E-01
   0.1639383     -0.4053460E-01
   0.1793082     -0.4033605E-01
   0.1949019     -0.4013459E-01
   0.2106153     -0.3993158E-01
   0.2263911     -0.3972777E-01
   0.2421981     -0.3952357E-01
   0.2580196     -0.3931914E-01
   0.2738487     -0.3911560E-01
   0.2896849     -0.3891263E-01
   0.3055248     -0.3870961E-01
   0.3213664     -0.3850656E-01
   0.3372082     -0.3830358E-01
   0.3530502     -0.3810068E-01
   0.3688925     -0.3789753E-01
   0.3847352     -0.3769436E-01
   0.4005785     -0.3749135E-01
   0.4164222     -0.3728839E-01
   0.4322661     -0.3708539E-01
   0.4481102     -0.3688233E-01
   0.4639545     -0.3667929E-01
   0.4797988     -0.3647626E-01
   0.4956430     -0.3627321E-01
   0.5114873     -0.3607014E-01
   0.5273315     -0.3586711E-01
   0.5431758     -0.3566409E-01
   0.5590199     -0.3546105E-01
   0.5748641     -0.3525795E-01
   0.5907081     -0.3505490E-01
   0.6065522     -0.3485187E-01
   0.6223961     -0.3464885E-01
   0.6382396     -0.3444578E-01
   0.6540827     -0.3424280E-01
   0.6699252     -0.3403979E-01
   0.6857669     -0.3383664E-01
   0.7016073     -0.3363366E-01
   0.7174451     -0.3343076E-01
   0.7332783     -0.3322765E-01
   0.7491053     -0.3302493E-01
   0.7649192     -0.3282234E-01
   0.7807096     -0.3262069E-01
   0.7964551     -0.3241939E-01
   0.8121119     -0.3221922E-01
   0.8276004     -0.3202144E-01
   0.8427811     -0.3182662E-01
   0.8574697     -0.3160514E-01
   0.8715330     -0.3130956E-01
   0.8848484     -0.3091324E-01
   0.8972837     -0.3040719E-01
   0.9087071     -0.2972705E-01
   0.9192080     -0.2881250E-01
   0.9288661     -0.2764709E-01
   0.9377577     -0.2629340E-01
   0.9458550     -0.2485640E-01
   0.9531203     -0.2340811E-01
   0.9595667     -0.2197401E-01
   0.9652775     -0.2055392E-01
   0.9703413     -0.1915586E-01
   0.9748234     -0.1777586E-01
   0.9788027     -0.1638852E-01
   0.9823788     -0.1498359E-01
   0.9856346     -0.1357998E-01
   0.9886072     -0.1219811E-01
   0.9912549     -0.1079995E-01
   0.9935371     -0.9320774E-02
   0.9954507     -0.7711474E-02
   0.9970184     -0.5943422E-02
   0.9982913     -0.4017793E-02
   0.9993073     -0.1935177E-02
    1.000000       0.000000    
