    1.000000     -0.2162649E-04
   0.9999080      0.7984890E-03
   0.9994463      0.1674023E-02
   0.9981942      0.2339891E-02
   0.9948540      0.2259440E-02
   0.9886766      0.7736528E-03
   0.9836738     -0.2781710E-03
   0.9797344     -0.4281844E-03
   0.9754812     -0.1275874E-03
   0.9693492     -0.4936341E-04
   0.9615968     -0.1869653E-03
   0.9531601     -0.1883691E-03
   0.9442743     -0.2297784E-03
   0.9352738     -0.2632426E-03
   0.9262273     -0.2970578E-03
   0.9171697     -0.3303885E-03
   0.9081070     -0.3628348E-03
   0.8990454     -0.3946548E-03
   0.8899835     -0.4257267E-03
   0.8809216     -0.4560966E-03
   0.8718597     -0.4857488E-03
   0.8627978     -0.5146882E-03
   0.8537359     -0.5429133E-03
   0.8446740     -0.5704245E-03
   0.8356120     -0.5972218E-03
   0.8265501     -0.6233052E-03
   0.8174882     -0.6486746E-03
   0.8084263     -0.6733301E-03
   0.7993644     -0.6972717E-03
   0.7903025     -0.7204992E-03
   0.7812405     -0.7430129E-03
   0.7721786     -0.7648126E-03
   0.7631167     -0.7858984E-03
   0.7540547     -0.8062702E-03
   0.7449928     -0.8259281E-03
   0.7359309     -0.8448720E-03
   0.7268690     -0.8631020E-03
   0.7178070     -0.8806180E-03
   0.7087451     -0.8974201E-03
   0.6996831     -0.9135083E-03
   0.6906212     -0.9288825E-03
   0.6815593     -0.9435427E-03
   0.6724973     -0.9574890E-03
   0.6634354     -0.9707214E-03
   0.6543734     -0.9832398E-03
   0.6453115     -0.9950443E-03
   0.6362496     -0.1006135E-02
   0.6271876     -0.1016511E-02
   0.6181257     -0.1026174E-02
   0.6090637     -0.1035123E-02
   0.6000018     -0.1043357E-02
   0.5909398     -0.1050878E-02
   0.5818779     -0.1057685E-02
   0.5728159     -0.1063778E-02
   0.5637540     -0.1069157E-02
   0.5546920     -0.1073822E-02
   0.5456301     -0.1077773E-02
   0.5365681     -0.1081010E-02
   0.5275062     -0.1083533E-02
   0.5184442     -0.1085342E-02
   0.5093823     -0.1086437E-02
   0.5003203     -0.1086818E-02
   0.4912584     -0.1086486E-02
   0.4821964     -0.1085439E-02
   0.4731345     -0.1083678E-02
   0.4640725     -0.1081204E-02
   0.4550106     -0.1078015E-02
   0.4459486     -0.1074113E-02
   0.4368867     -0.1069496E-02
   0.4278247     -0.1064166E-02
   0.4187628     -0.1058122E-02
   0.4097008     -0.1051363E-02
   0.4006389     -0.1043891E-02
   0.3915769     -0.1035705E-02
   0.3825150     -0.1026805E-02
   0.3734530     -0.1017191E-02
   0.3643911     -0.1006863E-02
   0.3553291     -0.9958206E-03
   0.3462672     -0.9840647E-03
   0.3372053     -0.9715948E-03
   0.3281433     -0.9584109E-03
   0.3190814     -0.9445132E-03
   0.3100194     -0.9299014E-03
   0.3009575     -0.9145758E-03
   0.2918956     -0.8985361E-03
   0.2828336     -0.8817826E-03
   0.2737717     -0.8643150E-03
   0.2647098     -0.8461336E-03
   0.2556478     -0.8272382E-03
   0.2465859     -0.8076288E-03
   0.2375240     -0.7873055E-03
   0.2284620     -0.7662683E-03
   0.2194001     -0.7445171E-03
   0.2103382     -0.7220520E-03
   0.2012763     -0.6988729E-03
   0.1922144     -0.6749798E-03
   0.1831524     -0.6503729E-03
   0.1740905     -0.6250520E-03
   0.1650286     -0.5990172E-03
   0.1559667     -0.5722684E-03
   0.1469048     -0.5448056E-03
   0.1378429     -0.5166290E-03
   0.1287810     -0.4877384E-03
   0.1197191     -0.4581339E-03
   0.1106572     -0.4278154E-03
   0.1015953     -0.3967830E-03
   0.9253338E-01 -0.3650367E-03
   0.8347148E-01 -0.3325764E-03
   0.7440959E-01 -0.2994022E-03
   0.6534771E-01 -0.2655140E-03
   0.5628582E-01 -0.2309120E-03
   0.4722394E-01 -0.1955960E-03
   0.3816206E-01 -0.1595660E-03
   0.2910018E-01 -0.1228222E-03
   0.2003831E-01 -0.8536438E-04
   0.1097644E-01 -0.4719266E-04
   0.5488219E-02 -0.2372726E-04
    0.000000       0.000000    
   0.5866493E-02  0.2314969E-02
   0.9162995E-02  0.2048556E-02
   0.9886438E-02  0.7719503E-03
   0.1003856E-01 -0.6584132E-03
   0.1067138E-01 -0.1429958E-02
   0.1180444E-01 -0.1689873E-02
   0.1345060E-01 -0.1544161E-02
   0.1576906E-01 -0.1007871E-02
   0.1923433E-01 -0.7002180E-04
   0.2463919E-01  0.5613955E-03
   0.2979487E-01  0.1313827E-03
   0.3468067E-01  0.3122374E-04
   0.4136867E-01  0.1968631E-03
   0.4988445E-01  0.2074972E-03
   0.5851944E-01  0.2400876E-03
   0.6751072E-01  0.2775802E-03
   0.7653847E-01  0.3101595E-03
   0.8559290E-01  0.3440580E-03
   0.9465515E-01  0.3765656E-03
   0.1037168      0.4085881E-03
   0.1127786      0.4398279E-03
   0.1218406      0.4703734E-03
   0.1309025      0.5001998E-03
   0.1399644      0.5293134E-03
   0.1490263      0.5577129E-03
   0.1580882      0.5853985E-03
   0.1671501      0.6123702E-03
   0.1762120      0.6386279E-03
   0.1852739      0.6641717E-03
   0.1943358      0.6890015E-03
   0.2033978      0.7131174E-03
   0.2124597      0.7365193E-03
   0.2215216      0.7592073E-03
   0.2305835      0.7811814E-03
   0.2396454      0.8024415E-03
   0.2487074      0.8229877E-03
   0.2577693      0.8428199E-03
   0.2668312      0.8619382E-03
   0.2758932      0.8803425E-03
   0.2849551      0.8980329E-03
   0.2940170      0.9150094E-03
   0.3030790      0.9312719E-03
   0.3121409      0.9468204E-03
   0.3212028      0.9616550E-03
   0.3302648      0.9757757E-03
   0.3393267      0.9891824E-03
   0.3483887      0.1001875E-02
   0.3574506      0.1013854E-02
   0.3665126      0.1025119E-02
   0.3755745      0.1035670E-02
   0.3846365      0.1045507E-02
   0.3936984      0.1054630E-02
   0.4027603      0.1063039E-02
   0.4118223      0.1070734E-02
   0.4208842      0.1077715E-02
   0.4299462      0.1083982E-02
   0.4390081      0.1089535E-02
   0.4480701      0.1094375E-02
   0.4571320      0.1098500E-02
   0.4661940      0.1101911E-02
   0.4752559      0.1104609E-02
   0.4843179      0.1106592E-02
   0.4933798      0.1107862E-02
   0.5024418      0.1108418E-02
   0.5115037      0.1108259E-02
   0.5205657      0.1107387E-02
   0.5296276      0.1105801E-02
   0.5386896      0.1103500E-02
   0.5477515      0.1100486E-02
   0.5568135      0.1096758E-02
   0.5658754      0.1092316E-02
   0.5749374      0.1087160E-02
   0.5839993      0.1081290E-02
   0.5930613      0.1074706E-02
   0.6021232      0.1067408E-02
   0.6111852      0.1059396E-02
   0.6202471      0.1050671E-02
   0.6293091      0.1041231E-02
   0.6383710      0.1031077E-02
   0.6474330      0.1020209E-02
   0.6564949      0.1008628E-02
   0.6655569      0.9963324E-03
   0.6746188      0.9833229E-03
   0.6836807      0.9695994E-03
   0.6927427      0.9551621E-03
   0.7018046      0.9400108E-03
   0.7108666      0.9241455E-03
   0.7199285      0.9075662E-03
   0.7289904      0.8902731E-03
   0.7380524      0.8722659E-03
   0.7471143      0.8535449E-03
   0.7561762      0.8341099E-03
   0.7652382      0.8139609E-03
   0.7743001      0.7930981E-03
   0.7833620      0.7715212E-03
   0.7924239      0.7492304E-03
   0.8014859      0.7262257E-03
   0.8105478      0.7025070E-03
   0.8196097      0.6780744E-03
   0.8286716      0.6529279E-03
   0.8377335      0.6270674E-03
   0.8467954      0.6004929E-03
   0.8558573      0.5732045E-03
   0.8649193      0.5452022E-03
   0.8739812      0.5164860E-03
   0.8830431      0.4870558E-03
   0.8921050      0.4569117E-03
   0.9011669      0.4260536E-03
   0.9102287      0.3944817E-03
   0.9192907      0.3621957E-03
   0.9283527      0.3291954E-03
   0.9374122      0.2954905E-03
   0.9464670      0.2610902E-03
   0.9554907      0.2260987E-03
   0.9644365      0.1907106E-03
   0.9729476      0.1563962E-03
   0.9814631      0.1214341E-03
   0.9870977      0.9795323E-04
   0.9897773      0.8668957E-04
   0.9915837      0.7906176E-04
   0.9929845      0.7312645E-04
   0.9941469      0.6818887E-04
   0.9950249      0.6445123E-04
