    1.000000       0.000000    
   0.9984870      0.4172761E-03
   0.9965204      0.9458960E-03
   0.9942354      0.1540670E-02
   0.9915054      0.2224062E-02
   0.9881405      0.3026299E-02
   0.9838989      0.3986377E-02
   0.9785354      0.5155270E-02
   0.9718004      0.6601785E-02
   0.9635996      0.8362524E-02
   0.9542705      0.1036820E-01
   0.9442815      0.1251476E-01
   0.9339834      0.1472794E-01
   0.9235599      0.1696804E-01
   0.9130937      0.1921739E-01
   0.9026280      0.2146633E-01
   0.8922050      0.2370623E-01
   0.8818489      0.2590989E-01
   0.8715302      0.2806646E-01
   0.8612365      0.3017164E-01
   0.8509532      0.3222308E-01
   0.8406654      0.3422108E-01
   0.8303583      0.3616905E-01
   0.8200210      0.3807302E-01
   0.8096471      0.3994010E-01
   0.7992461      0.4177698E-01
   0.7888334      0.4358529E-01
   0.7784612      0.4536152E-01
   0.7681898      0.4707852E-01
   0.7580834      0.4870802E-01
   0.7481955      0.5022080E-01
   0.7387911      0.5154595E-01
   0.7298993      0.5250621E-01
   0.7210927      0.5306845E-01
   0.7120447      0.5329375E-01
   0.7026516      0.5323977E-01
   0.6927021      0.5303915E-01
   0.6823364      0.5284732E-01
   0.6717965      0.5264838E-01
   0.6612416      0.5244962E-01
   0.6508354      0.5225610E-01
   0.6408094      0.5206025E-01
   0.6314901      0.5190461E-01
   0.6231093      0.5172869E-01
   0.6158933      0.5149119E-01
   0.6092924      0.5178876E-01
   0.6022790      0.5254493E-01
   0.5942167      0.5312781E-01
   0.5852676      0.5358116E-01
   0.5760565      0.5389095E-01
   0.5666438      0.5393425E-01
   0.5566626      0.5378025E-01
   0.5462609      0.5358273E-01
   0.5356559      0.5338388E-01
   0.5249643      0.5318276E-01
   0.5142379      0.5298112E-01
   0.5034980      0.5277920E-01
   0.4927529      0.5257719E-01
   0.4820059      0.5237514E-01
   0.4712582      0.5217308E-01
   0.4605104      0.5197102E-01
   0.4497630      0.5176896E-01
   0.4390169      0.5156693E-01
   0.4282745      0.5136498E-01
   0.4175416      0.5116318E-01
   0.4068335      0.5096192E-01
   0.3961884      0.5076156E-01
   0.3856969      0.5056517E-01
   0.3755471      0.5036500E-01
   0.3660661      0.5014096E-01
   0.3576541      0.4980704E-01
   0.3503491      0.4920961E-01
   0.3438798      0.4823912E-01
   0.3381843      0.4702841E-01
   0.3328755      0.4621464E-01
   0.3271886      0.4608329E-01
   0.3204142      0.4607936E-01
   0.3124173      0.4588275E-01
   0.3032938      0.4572258E-01
   0.2933339      0.4553236E-01
   0.2829280      0.4533758E-01
   0.2723163      0.4513782E-01
   0.2616211      0.4493681E-01
   0.2508931      0.4473510E-01
   0.2401525      0.4453317E-01
   0.2294074      0.4433115E-01
   0.2186609      0.4412911E-01
   0.2079149      0.4392707E-01
   0.1971718      0.4372509E-01
   0.1864368      0.4352327E-01
   0.1757228      0.4332181E-01
   0.1650638      0.4312164E-01
   0.1545379      0.4292729E-01
   0.1443072      0.4270472E-01
   0.1343968      0.4236839E-01
   0.1247439      0.4186438E-01
   0.1152944      0.4115926E-01
   0.1059985      0.4022909E-01
   0.9681817E-01  0.3905912E-01
   0.8772834E-01  0.3764075E-01
   0.7871543E-01  0.3597145E-01
   0.6979312E-01  0.3405735E-01
   0.6099017E-01  0.3191227E-01
   0.5242483E-01  0.2958865E-01
   0.4432656E-01  0.2713608E-01
   0.3684946E-01  0.2457811E-01
   0.3009220E-01  0.2198668E-01
   0.2421247E-01  0.1950177E-01
   0.1930473E-01  0.1722466E-01
   0.1528339E-01  0.1522363E-01
   0.1195977E-01  0.1350020E-01
   0.9194656E-02  0.1195764E-01
   0.6941953E-02  0.1048150E-01
   0.5135840E-02  0.9043293E-02
   0.3689373E-02  0.7644662E-02
   0.2544050E-02  0.6310514E-02
   0.1652265E-02  0.5049042E-02
   0.9737733E-03  0.3850227E-02
   0.4820604E-03  0.2700898E-02
   0.1626442E-03  0.1588178E-02
   0.1153079E-04  0.4995974E-03
   0.3454368E-04 -0.5779503E-03
   0.2316090E-03 -0.1659920E-02
   0.5982810E-03 -0.2762130E-02
   0.1140273E-02 -0.3900395E-02
   0.1874210E-02 -0.5092255E-02
   0.2829596E-02 -0.6358243E-02
   0.4050394E-02 -0.7720659E-02
   0.5583814E-02 -0.9189919E-02
   0.7479607E-02 -0.1075685E-01
   0.9793918E-02 -0.1241448E-01
   0.1249927E-01 -0.1415542E-01
   0.1548740E-01 -0.1602191E-01
   0.1859590E-01 -0.1808792E-01
   0.2162549E-01 -0.2043815E-01
   0.2447369E-01 -0.2310662E-01
   0.2735383E-01 -0.2588564E-01
   0.3064903E-01 -0.2853617E-01
   0.3474313E-01 -0.3104031E-01
   0.3981105E-01 -0.3358936E-01
   0.4563188E-01 -0.3612988E-01
   0.5213109E-01 -0.3848828E-01
   0.5960217E-01 -0.4078562E-01
   0.6787463E-01 -0.4305708E-01
   0.7660873E-01 -0.4523189E-01
   0.8562876E-01 -0.4724993E-01
   0.9482127E-01 -0.4908524E-01
   0.1041060     -0.5072191E-01
   0.1134322     -0.5214948E-01
   0.1227623     -0.5335825E-01
   0.1320608     -0.5433714E-01
   0.1413110     -0.5506898E-01
   0.1505281     -0.5554081E-01
   0.1597334     -0.5569689E-01
   0.1694937     -0.5556748E-01
   0.1798027     -0.5537136E-01
   0.1903506     -0.5517597E-01
   0.2010189     -0.5497615E-01
   0.2117322     -0.5477384E-01
   0.2224650     -0.5457039E-01
   0.2332047     -0.5436763E-01
   0.2439492     -0.5416556E-01
   0.2546960     -0.5396351E-01
   0.2654436     -0.5376145E-01
   0.2761917     -0.5355937E-01
   0.2869399     -0.5335730E-01
   0.2976881     -0.5315522E-01
   0.3084364     -0.5295314E-01
   0.3191847     -0.5275107E-01
   0.3299329     -0.5254899E-01
   0.3406812     -0.5234691E-01
   0.3514295     -0.5214484E-01
   0.3621777     -0.5194276E-01
   0.3729260     -0.5174068E-01
   0.3836743     -0.5153861E-01
   0.3944226     -0.5133653E-01
   0.4051708     -0.5113445E-01
   0.4159191     -0.5093237E-01
   0.4266674     -0.5073030E-01
   0.4374157     -0.5052822E-01
   0.4481639     -0.5032614E-01
   0.4589122     -0.5012407E-01
   0.4696605     -0.4992199E-01
   0.4804088     -0.4971991E-01
   0.4911570     -0.4951783E-01
   0.5019053     -0.4931576E-01
   0.5126536     -0.4911368E-01
   0.5234018     -0.4891160E-01
   0.5341501     -0.4870953E-01
   0.5448984     -0.4850745E-01
   0.5556467     -0.4830537E-01
   0.5663949     -0.4810329E-01
   0.5771432     -0.4790122E-01
   0.5878915     -0.4769914E-01
   0.5986398     -0.4749706E-01
   0.6093880     -0.4729499E-01
   0.6201363     -0.4709291E-01
   0.6308846     -0.4689083E-01
   0.6416328     -0.4668876E-01
   0.6523809     -0.4648668E-01
   0.6631288     -0.4628461E-01
   0.6738760     -0.4608255E-01
   0.6846216     -0.4588053E-01
   0.6953629     -0.4567857E-01
   0.7060944     -0.4547679E-01
   0.7168035     -0.4527258E-01
   0.7274822     -0.4506060E-01
   0.7381118     -0.4483545E-01
   0.7486802     -0.4458500E-01
   0.7591798     -0.4429827E-01
   0.7695995     -0.4396355E-01
   0.7799196     -0.4356541E-01
   0.7901345     -0.4309224E-01
   0.8001843     -0.4253730E-01
   0.8099457     -0.4190554E-01
   0.8191687     -0.4117788E-01
   0.8277262     -0.4049313E-01
   0.8352942     -0.3969194E-01
   0.8425950     -0.3846865E-01
   0.8506461     -0.3740159E-01
   0.8599441     -0.3640565E-01
   0.8699745     -0.3532636E-01
   0.8803648     -0.3421079E-01
   0.8908756     -0.3308227E-01
   0.9013629     -0.3195468E-01
   0.9117036     -0.3084693E-01
   0.9219413     -0.2966194E-01
   0.9322568     -0.2838784E-01
   0.9426052     -0.2710911E-01
   0.9527514     -0.2585490E-01
   0.9623174     -0.2467268E-01
   0.9708075     -0.2362335E-01
   0.9778245     -0.2275605E-01
   0.9833928     -0.2206720E-01
   0.9877860     -0.2150402E-01
   0.9912684     -0.2102146E-01
   0.9940864     -0.2059737E-01
   0.9964364     -0.2021975E-01
   0.9984525     -0.1987834E-01
    1.000000     -0.1960533E-01
