    1.000000      0.1023629E-01
   0.9986329      0.1105719E-01
   0.9969116      0.1201404E-01
   0.9950020      0.1297997E-01
   0.9928584      0.1395060E-01
   0.9904167      0.1491765E-01
   0.9875903      0.1587502E-01
   0.9842708      0.1684323E-01
   0.9803256      0.1787496E-01
   0.9756112      0.1904154E-01
   0.9699582      0.2036926E-01
   0.9631515      0.2189010E-01
   0.9550411      0.2364815E-01
   0.9457160      0.2563212E-01
   0.9354315      0.2779641E-01
   0.9245455      0.3007493E-01
   0.9133697      0.3240132E-01
   0.9020934      0.3471763E-01
   0.8907790      0.3699939E-01
   0.8794675      0.3923561E-01
   0.8681751      0.4141178E-01
   0.8568847      0.4352571E-01
   0.8455789      0.4557633E-01
   0.8342338      0.4757873E-01
   0.8228823      0.4953525E-01
   0.8115618      0.5144218E-01
   0.8003463      0.5328113E-01
   0.7892882      0.5503244E-01
   0.7785174      0.5667664E-01
   0.7682303      0.5815974E-01
   0.7586085      0.5935410E-01
   0.7493787      0.6008643E-01
   0.7399477      0.6044853E-01
   0.7302629      0.6045683E-01
   0.7197737      0.6020634E-01
   0.7086772      0.5991304E-01
   0.6973015      0.5961574E-01
   0.6859392      0.5931916E-01
   0.6748859      0.5903052E-01
   0.6645125      0.5876084E-01
   0.6551895      0.5850961E-01
   0.6470864      0.5832528E-01
   0.6401369      0.5803761E-01
   0.6338303      0.5830321E-01
   0.6270243      0.5912649E-01
   0.6191607      0.5982272E-01
   0.6105712      0.6047442E-01
   0.6015409      0.6091184E-01
   0.5919877      0.6113666E-01
   0.5820554      0.6108283E-01
   0.5713251      0.6082823E-01
   0.5600197      0.6053360E-01
   0.5484013      0.6023274E-01
   0.5366265      0.5992772E-01
   0.5247770      0.5962057E-01
   0.5128935      0.5931239E-01
   0.5009945      0.5900377E-01
   0.4890893      0.5869502E-01
   0.4771825      0.5838631E-01
   0.4652779      0.5807769E-01
   0.4533810      0.5776927E-01
   0.4415023      0.5746131E-01
   0.4296641      0.5715443E-01
   0.4179131      0.5684973E-01
   0.4063451      0.5654984E-01
   0.3951269      0.5625961E-01
   0.3845298      0.5598127E-01
   0.3747634      0.5568630E-01
   0.3662660      0.5529900E-01
   0.3587530      0.5456910E-01
   0.3518168      0.5352836E-01
   0.3454581      0.5222708E-01
   0.3397762      0.5089332E-01
   0.3344215      0.5008820E-01
   0.3287357      0.4993664E-01
   0.3221507      0.4992988E-01
   0.3144732      0.4969026E-01
   0.3056600      0.4945268E-01
   0.2957059      0.4920292E-01
   0.2848988      0.4891976E-01
   0.2735523      0.4862670E-01
   0.2619114      0.4832539E-01
   0.2501254      0.4802040E-01
   0.2382719      0.4771366E-01
   0.2263891      0.4740615E-01
   0.2144971      0.4709840E-01
   0.2026097      0.4679077E-01
   0.1907436      0.4648365E-01
   0.1789282      0.4617806E-01
   0.1672184      0.4587401E-01
   0.1557018      0.4558023E-01
   0.1445295      0.4527601E-01
   0.1338318      0.4487809E-01
   0.1235471      0.4431043E-01
   0.1135789      0.4353391E-01
   0.1038668      0.4252947E-01
   0.9436997E-01  0.4128122E-01
   0.8506302E-01  0.3978349E-01
   0.7595163E-01  0.3804148E-01
   0.6707730E-01  0.3607583E-01
   0.5853833E-01  0.3393296E-01
   0.5048135E-01  0.3168998E-01
   0.4311469E-01  0.2945774E-01
   0.3662496E-01  0.2729682E-01
   0.3097320E-01  0.2519902E-01
   0.2608376E-01  0.2320419E-01
   0.2189337E-01  0.2133243E-01
   0.1830617E-01  0.1957109E-01
   0.1521367E-01  0.1791049E-01
   0.1252374E-01  0.1634991E-01
   0.1016486E-01  0.1488605E-01
   0.8098849E-02  0.1349317E-01
   0.6319371E-02  0.1212569E-01
   0.4810256E-02  0.1075822E-01
   0.3547745E-02  0.9379321E-02
   0.2506389E-02  0.7987779E-02
   0.1666957E-02  0.6605084E-02
   0.1011398E-02  0.5248479E-02
   0.5239820E-03  0.3922930E-02
   0.1940780E-03  0.2627381E-02
   0.1694994E-04  0.1357673E-02
  -0.5579758E-05  0.1076660E-03
   0.1325669E-03 -0.1131159E-02
   0.4273279E-03 -0.2370445E-02
   0.8761546E-03 -0.3620534E-02
   0.1482455E-02 -0.4889601E-02
   0.2254230E-02 -0.6183180E-02
   0.3201891E-02 -0.7502005E-02
   0.4332745E-02 -0.8836715E-02
   0.5646341E-02 -0.1016488E-01
   0.7149584E-02 -0.1146967E-01
   0.8843874E-02 -0.1273749E-01
   0.1071881E-01 -0.1395847E-01
   0.1275400E-01 -0.1513099E-01
   0.1491345E-01 -0.1627846E-01
   0.1713654E-01 -0.1746604E-01
   0.1935859E-01 -0.1878247E-01
   0.2151740E-01 -0.2034332E-01
   0.2361404E-01 -0.2222190E-01
   0.2575387E-01 -0.2437383E-01
   0.2807785E-01 -0.2669611E-01
   0.3072667E-01 -0.2902276E-01
   0.3374102E-01 -0.3124748E-01
   0.3717512E-01 -0.3330447E-01
   0.4116723E-01 -0.3519616E-01
   0.4589822E-01 -0.3701678E-01
   0.5150603E-01 -0.3886568E-01
   0.5804073E-01 -0.4080457E-01
   0.6542941E-01 -0.4282485E-01
   0.7357741E-01 -0.4483445E-01
   0.8235192E-01 -0.4678030E-01
   0.9155806E-01 -0.4860225E-01
   0.1010408     -0.5025786E-01
   0.1106722     -0.5171622E-01
   0.1203593     -0.5295517E-01
   0.1300378     -0.5395551E-01
   0.1396752     -0.5470008E-01
   0.1492707     -0.5516134E-01
   0.1589412     -0.5529406E-01
   0.1690143     -0.5511243E-01
   0.1797418     -0.5482032E-01
   0.1910043     -0.5453395E-01
   0.2025896     -0.5423462E-01
   0.2143438     -0.5392960E-01
   0.2261830     -0.5362185E-01
   0.2380602     -0.5331345E-01
   0.2499549     -0.5300535E-01
   0.2618587     -0.5269733E-01
   0.2737662     -0.5238919E-01
   0.2856744     -0.5208097E-01
   0.2975839     -0.5177218E-01
   0.3094949     -0.5146341E-01
   0.3214068     -0.5115460E-01
   0.3333191     -0.5084578E-01
   0.3452314     -0.5053697E-01
   0.3571438     -0.5022820E-01
   0.3690563     -0.4991936E-01
   0.3809689     -0.4961049E-01
   0.3928816     -0.4930163E-01
   0.4047944     -0.4899278E-01
   0.4167072     -0.4868394E-01
   0.4286200     -0.4837511E-01
   0.4405328     -0.4806628E-01
   0.4524457     -0.4775744E-01
   0.4643585     -0.4744861E-01
   0.4762713     -0.4713977E-01
   0.4881842     -0.4683093E-01
   0.5000970     -0.4652209E-01
   0.5120098     -0.4621324E-01
   0.5239227     -0.4590439E-01
   0.5358355     -0.4559554E-01
   0.5477484     -0.4528669E-01
   0.5596612     -0.4497785E-01
   0.5715740     -0.4466901E-01
   0.5834868     -0.4436017E-01
   0.5953996     -0.4405133E-01
   0.6073122     -0.4374249E-01
   0.6192246     -0.4343366E-01
   0.6311365     -0.4312484E-01
   0.6430473     -0.4281604E-01
   0.6549561     -0.4250732E-01
   0.6668610     -0.4219867E-01
   0.6787594     -0.4189017E-01
   0.6906566     -0.4157923E-01
   0.7025554     -0.4126838E-01
   0.7144482     -0.4095759E-01
   0.7263230     -0.4064750E-01
   0.7381589     -0.4033575E-01
   0.7499374     -0.4001484E-01
   0.7616374     -0.3967687E-01
   0.7732367     -0.3931511E-01
   0.7847065     -0.3890582E-01
   0.7960145     -0.3845259E-01
   0.8071687     -0.3787789E-01
   0.8183346     -0.3720471E-01
   0.8294207     -0.3644133E-01
   0.8404708     -0.3555131E-01
   0.8515836     -0.3453996E-01
   0.8627775     -0.3340870E-01
   0.8741278     -0.3221004E-01
   0.8854172     -0.3096413E-01
   0.8967461     -0.2962472E-01
   0.9080511     -0.2825758E-01
   0.9191864     -0.2685892E-01
   0.9300403     -0.2540416E-01
   0.9405952     -0.2392423E-01
   0.9504324     -0.2253512E-01
   0.9591600     -0.2128594E-01
   0.9665781     -0.2020401E-01
   0.9726990     -0.1926195E-01
   0.9778080     -0.1840457E-01
   0.9821133     -0.1764075E-01
   0.9857267     -0.1695774E-01
   0.9887542     -0.1624951E-01
   0.9913225     -0.1545038E-01
   0.9935349     -0.1453671E-01
   0.9954754     -0.1352308E-01
   0.9972045     -0.1243192E-01
   0.9987632     -0.1127852E-01
    1.000000     -0.1023629E-01
