    1.000000       0.000000    
   0.9992643      0.2001742E-02
   0.9981914      0.4161253E-02
   0.9968494      0.6162191E-02
   0.9951940      0.8001839E-02
   0.9931618      0.9675157E-02
   0.9907101      0.1120708E-01
   0.9878207      0.1264884E-01
   0.9845156      0.1407280E-01
   0.9808363      0.1552831E-01
   0.9767369      0.1699249E-01
   0.9721078      0.1844607E-01
   0.9668113      0.1990826E-01
   0.9607555      0.2140913E-01
   0.9538895      0.2293311E-01
   0.9461500      0.2445688E-01
   0.9375462      0.2596078E-01
   0.9282049      0.2738114E-01
   0.9182610      0.2861136E-01
   0.9077292      0.2956871E-01
   0.8965400      0.3026462E-01
   0.8846372      0.3073894E-01
   0.8720492      0.3110532E-01
   0.8589529      0.3137837E-01
   0.8454400      0.3158823E-01
   0.8316071      0.3176258E-01
   0.8175606      0.3193170E-01
   0.8034008      0.3210216E-01
   0.7891858      0.3227324E-01
   0.7749493      0.3244410E-01
   0.7607025      0.3261816E-01
   0.7464371      0.3279394E-01
   0.7321598      0.3296988E-01
   0.7178769      0.3314585E-01
   0.7035919      0.3332222E-01
   0.6893040      0.3349826E-01
   0.6750137      0.3367423E-01
   0.6607219      0.3385015E-01
   0.6464294      0.3402606E-01
   0.6321366      0.3420204E-01
   0.6178435      0.3437807E-01
   0.6035502      0.3455410E-01
   0.5892569      0.3473012E-01
   0.5749635      0.3490613E-01
   0.5606701      0.3508212E-01
   0.5463767      0.3525813E-01
   0.5320833      0.3543416E-01
   0.5177899      0.3561020E-01
   0.5034964      0.3578622E-01
   0.4892030      0.3596222E-01
   0.4749096      0.3613823E-01
   0.4606161      0.3631425E-01
   0.4463227      0.3649028E-01
   0.4320293      0.3666632E-01
   0.4177359      0.3684238E-01
   0.4034426      0.3701844E-01
   0.3891494      0.3719449E-01
   0.3748564      0.3737049E-01
   0.3605636      0.3754642E-01
   0.3462709      0.3772242E-01
   0.3319785      0.3789842E-01
   0.3176864      0.3807438E-01
   0.3033955      0.3825033E-01
   0.2891070      0.3842625E-01
   0.2748228      0.3860207E-01
   0.2605457      0.3877791E-01
   0.2462711      0.3895096E-01
   0.2319957      0.3912401E-01
   0.2177268      0.3929694E-01
   0.2034755      0.3946966E-01
   0.1892614      0.3964192E-01
   0.1751205      0.3981327E-01
   0.1611195      0.3998292E-01
   0.1473766      0.4014950E-01
   0.1340850      0.4031023E-01
   0.1215159      0.4046145E-01
   0.1099425      0.4061322E-01
   0.9948951E-01  0.4060972E-01
   0.8977259E-01  0.4014098E-01
   0.8052194E-01  0.3926440E-01
   0.7173753E-01  0.3809144E-01
   0.6350164E-01  0.3669658E-01
   0.5589621E-01  0.3514606E-01
   0.4897863E-01  0.3350009E-01
   0.4276091E-01  0.3180367E-01
   0.3721212E-01  0.3008878E-01
   0.3228597E-01  0.2838008E-01
   0.2792282E-01  0.2668426E-01
   0.2404656E-01  0.2499804E-01
   0.2058853E-01  0.2332579E-01
   0.1750175E-01  0.2168063E-01
   0.1475290E-01  0.2006891E-01
   0.1231507E-01  0.1847426E-01
   0.1015177E-01  0.1687704E-01
   0.8228035E-02  0.1526031E-01
   0.6524105E-02  0.1361592E-01
   0.5033764E-02  0.1194821E-01
   0.3752671E-02  0.1026918E-01
   0.2673176E-02  0.8594128E-02
   0.1788586E-02  0.6944026E-02
   0.1091761E-02  0.5335073E-02
   0.5715004E-03  0.3768364E-02
   0.2189649E-03  0.2236880E-02
   0.3095299E-04  0.7292090E-03
   0.1140167E-04 -0.7696044E-03
   0.1587841E-03 -0.2277782E-02
   0.4665592E-03 -0.3812254E-02
   0.9350737E-03 -0.5387106E-02
   0.1569724E-02 -0.7013236E-02
   0.2377661E-02 -0.8695479E-02
   0.3361339E-02 -0.1042568E-01
   0.4523180E-02 -0.1218469E-01
   0.5872620E-02 -0.1395517E-01
   0.7416750E-02 -0.1572121E-01
   0.9163609E-02 -0.1747240E-01
   0.1113017E-01 -0.1920840E-01
   0.1334487E-01 -0.2093455E-01
   0.1584069E-01 -0.2265410E-01
   0.1864840E-01 -0.2436468E-01
   0.2179625E-01 -0.2605644E-01
   0.2531878E-01 -0.2771799E-01
   0.2925659E-01 -0.2934100E-01
   0.3366627E-01 -0.3091464E-01
   0.3861338E-01 -0.3242271E-01
   0.4416636E-01 -0.3384904E-01
   0.5038820E-01 -0.3517999E-01
   0.5733274E-01 -0.3638298E-01
   0.6505725E-01 -0.3741083E-01
   0.7364768E-01 -0.3822331E-01
   0.8319740E-01 -0.3883510E-01
   0.9370739E-01 -0.3927052E-01
   0.1051766     -0.3951290E-01
   0.1176319     -0.3966292E-01
   0.1308265     -0.3982343E-01
   0.1445021     -0.3998887E-01
   0.1584509     -0.4015794E-01
   0.1725356     -0.4032863E-01
   0.1866647     -0.4049987E-01
   0.2007640     -0.4067074E-01
   0.2147472     -0.4084019E-01
   0.2284870     -0.4100670E-01
   0.2417853     -0.4116799E-01
   0.2543648     -0.4131917E-01
   0.2659221     -0.4146604E-01
   0.2762361     -0.4157736E-01
   0.2852497     -0.4173407E-01
   0.2931443     -0.4180780E-01
   0.3000162     -0.4168343E-01
   0.3062533     -0.4216598E-01
   0.3126380     -0.4369143E-01
   0.3195385     -0.4575634E-01
   0.3264255     -0.4818958E-01
   0.3334662     -0.5133663E-01
   0.3409781     -0.5500967E-01
   0.3487915     -0.5873946E-01
   0.3567866     -0.6226277E-01
   0.3648198     -0.6543669E-01
   0.3728001     -0.6811351E-01
   0.3809376     -0.7025972E-01
   0.3891662     -0.7197279E-01
   0.3975320     -0.7289655E-01
   0.4070365     -0.7316186E-01
   0.4179129     -0.7328990E-01
   0.4299246     -0.7343624E-01
   0.4428099     -0.7359494E-01
   0.4562921     -0.7375867E-01
   0.4701337     -0.7392990E-01
   0.4841689     -0.7410303E-01
   0.4982898     -0.7427692E-01
   0.5124197     -0.7445067E-01
   0.5264863     -0.7462364E-01
   0.5403978     -0.7479498E-01
   0.5540374     -0.7495146E-01
   0.5673474     -0.7501544E-01
   0.5803497     -0.7496269E-01
   0.5929649     -0.7479346E-01
   0.6050590     -0.7449248E-01
   0.6165200     -0.7401496E-01
   0.6273054     -0.7331215E-01
   0.6374255     -0.7234177E-01
   0.6469266     -0.7111958E-01
   0.6557625     -0.6974305E-01
   0.6637907     -0.6830623E-01
   0.6709797     -0.6684094E-01
   0.6773233     -0.6538942E-01
   0.6828579     -0.6391564E-01
   0.6877489     -0.6236063E-01
   0.6921404     -0.6078977E-01
   0.6960812     -0.5929180E-01
   0.6995597     -0.5783240E-01
   0.7025646     -0.5627359E-01
   0.7051313     -0.5453619E-01
   0.7073259     -0.5262302E-01
   0.7092972     -0.5073743E-01
   0.7111860     -0.4906139E-01
   0.7131063     -0.4772335E-01
   0.7151682     -0.4684438E-01
   0.7174650     -0.4648107E-01
   0.7200307     -0.4652193E-01
   0.7228921     -0.4682374E-01
   0.7260545     -0.4717066E-01
   0.7294951     -0.4732540E-01
   0.7332631     -0.4730445E-01
   0.7374694     -0.4724647E-01
   0.7422885     -0.4729265E-01
   0.7478966     -0.4740179E-01
   0.7544616     -0.4748518E-01
   0.7621649     -0.4757026E-01
   0.7711736     -0.4768387E-01
   0.7815195     -0.4780737E-01
   0.7930277     -0.4794623E-01
   0.8053211     -0.4809388E-01
   0.8179140     -0.4824607E-01
   0.8303043     -0.4839874E-01
   0.8420630     -0.4847384E-01
   0.8531387     -0.4823131E-01
   0.8638103     -0.4756230E-01
   0.8743113     -0.4644852E-01
   0.8848062     -0.4491885E-01
   0.8953759     -0.4300006E-01
   0.9060022     -0.4078655E-01
   0.9165024     -0.3835217E-01
   0.9266843     -0.3574819E-01
   0.9363713     -0.3304081E-01
   0.9453862     -0.3035399E-01
   0.9535126     -0.2780306E-01
   0.9606753     -0.2540445E-01
   0.9669386     -0.2315193E-01
   0.9723942     -0.2104489E-01
   0.9771251     -0.1906178E-01
   0.9812493     -0.1715564E-01
   0.9849008     -0.1530735E-01
   0.9881640     -0.1352964E-01
   0.9910420     -0.1180703E-01
   0.9934852     -0.1006384E-01
   0.9954950     -0.8237605E-02
   0.9971020     -0.6288426E-02
   0.9983712     -0.4212806E-02
   0.9993536     -0.2011613E-02
    1.000000       0.000000    
