    1.000000       0.000000    
   0.9984433      0.4648782E-03
   0.9964482      0.1022677E-02
   0.9941778      0.1606224E-02
   0.9915412      0.2216390E-02
   0.9884067      0.2849742E-02
   0.9845951      0.3512251E-02
   0.9798803      0.4248619E-02
   0.9740122      0.5151483E-02
   0.9667981      0.6256196E-02
   0.9582465      0.7556714E-02
   0.9486507      0.9030154E-02
   0.9384393      0.1059019E-01
   0.9280736      0.1214869E-01
   0.9176270      0.1359419E-01
   0.9069527      0.1498048E-01
   0.8961935      0.1636681E-01
   0.8855945      0.1773561E-01
   0.8753750      0.1904037E-01
   0.8657340      0.2032228E-01
   0.8563211      0.2173346E-01
   0.8466040      0.2296165E-01
   0.8365091      0.2406000E-01
   0.8262031      0.2505914E-01
   0.8157720      0.2595247E-01
   0.8052096      0.2674738E-01
   0.7945657      0.2746530E-01
   0.7838601      0.2809510E-01
   0.7730313      0.2865746E-01
   0.7621112      0.2917758E-01
   0.7511056      0.2966375E-01
   0.7400356      0.3013212E-01
   0.7289199      0.3058770E-01
   0.7177678      0.3103757E-01
   0.7065945      0.3148690E-01
   0.6954117      0.3193679E-01
   0.6842259      0.3238673E-01
   0.6730411      0.3283673E-01
   0.6618562      0.3328545E-01
   0.6506683      0.3373421E-01
   0.6394787      0.3418304E-01
   0.6282883      0.3463190E-01
   0.6170976      0.3508077E-01
   0.6059067      0.3552970E-01
   0.5947156      0.3597865E-01
   0.5835245      0.3642757E-01
   0.5723334      0.3687648E-01
   0.5611422      0.3732540E-01
   0.5499510      0.3777432E-01
   0.5387598      0.3822324E-01
   0.5275686      0.3867214E-01
   0.5163774      0.3912105E-01
   0.5051862      0.3956996E-01
   0.4939950      0.4001887E-01
   0.4828038      0.4046779E-01
   0.4716126      0.4091670E-01
   0.4604214      0.4136561E-01
   0.4492301      0.4181451E-01
   0.4380389      0.4226342E-01
   0.4268477      0.4271232E-01
   0.4156565      0.4316123E-01
   0.4044653      0.4361013E-01
   0.3932741      0.4405904E-01
   0.3820829      0.4450794E-01
   0.3708917      0.4495681E-01
   0.3597006      0.4540569E-01
   0.3485096      0.4585457E-01
   0.3373187      0.4630347E-01
   0.3261280      0.4675234E-01
   0.3149379      0.4720120E-01
   0.3037493      0.4764998E-01
   0.2925634      0.4809877E-01
   0.2813812      0.4854678E-01
   0.2701969      0.4899346E-01
   0.2590101      0.4944045E-01
   0.2478238      0.4988732E-01
   0.2366407      0.5033460E-01
   0.2254635      0.5078237E-01
   0.2143021      0.5122965E-01
   0.2031820      0.5167432E-01
   0.1921513      0.5211416E-01
   0.1813264      0.5254261E-01
   0.1708854      0.5296699E-01
   0.1610257      0.5326013E-01
   0.1515749      0.5322627E-01
   0.1421062      0.5288023E-01
   0.1326009      0.5226765E-01
   0.1230386      0.5140586E-01
   0.1134519      0.5031139E-01
   0.1038820      0.4899598E-01
   0.9438881E-01  0.4747308E-01
   0.8505666E-01  0.4575936E-01
   0.7601819E-01  0.4388505E-01
   0.6745168E-01  0.4188991E-01
   0.5956183E-01  0.3985842E-01
   0.5263810E-01  0.3786954E-01
   0.4672817E-01  0.3588655E-01
   0.4174745E-01  0.3384181E-01
   0.3757188E-01  0.3169583E-01
   0.3402114E-01  0.2938057E-01
   0.3092627E-01  0.2688580E-01
   0.2823043E-01  0.2432705E-01
   0.2590058E-01  0.2190051E-01
   0.2377025E-01  0.1982659E-01
   0.2167875E-01  0.1818230E-01
   0.1951779E-01  0.1696619E-01
   0.1730183E-01  0.1603048E-01
   0.1509359E-01  0.1520338E-01
   0.1295302E-01  0.1434802E-01
   0.1093672E-01  0.1335178E-01
   0.9061277E-02  0.1218736E-01
   0.7335563E-02  0.1089046E-01
   0.5777693E-02  0.9518406E-02
   0.4397954E-02  0.8134596E-02
   0.3204802E-02  0.6789636E-02
   0.2214557E-02  0.5505279E-02
   0.1419905E-02  0.4278180E-02
   0.8070714E-03  0.3096294E-02
   0.3656213E-03  0.1945556E-02
   0.9154618E-04  0.8113774E-03
  -0.1114815E-04 -0.3218928E-03
   0.5973888E-04 -0.1469577E-02
   0.2963226E-03 -0.2642785E-02
   0.6985035E-03 -0.3851162E-02
   0.1275026E-02 -0.5103677E-02
   0.2043691E-02 -0.6407934E-02
   0.3031751E-02 -0.7766896E-02
   0.4272414E-02 -0.9168444E-02
   0.5802060E-02 -0.1058343E-01
   0.7679215E-02 -0.1201005E-01
   0.9962037E-02 -0.1346944E-01
   0.1268756E-01 -0.1502922E-01
   0.1589490E-01 -0.1680130E-01
   0.1969510E-01 -0.1881171E-01
   0.2423273E-01 -0.2103162E-01
   0.2964830E-01 -0.2344031E-01
   0.3596473E-01 -0.2600847E-01
   0.4308737E-01 -0.2861746E-01
   0.5097283E-01 -0.3119949E-01
   0.5945281E-01 -0.3371869E-01
   0.6827077E-01 -0.3609313E-01
   0.7727910E-01 -0.3825467E-01
   0.8642026E-01 -0.4017516E-01
   0.9566980E-01 -0.4184354E-01
   0.1050348     -0.4325978E-01
   0.1145406     -0.4443249E-01
   0.1242244     -0.4537644E-01
   0.1341397     -0.4611580E-01
   0.1443456     -0.4668526E-01
   0.1549059     -0.4714153E-01
   0.1657932     -0.4757221E-01
   0.1768558     -0.4801413E-01
   0.1879935     -0.4845912E-01
   0.1991625     -0.4890535E-01
   0.2103443     -0.4935208E-01
   0.2215306     -0.4979899E-01
   0.2327171     -0.5024591E-01
   0.2438999     -0.5069269E-01
   0.2550714     -0.5113900E-01
   0.2662154     -0.5158428E-01
   0.2772940     -0.5202663E-01
   0.2882254     -0.5246484E-01
   0.2988384     -0.5289006E-01
   0.3088361     -0.5329235E-01
   0.3178299     -0.5364672E-01
   0.3256428     -0.5400165E-01
   0.3322630     -0.5412049E-01
   0.3379143     -0.5445339E-01
   0.3433053     -0.5549797E-01
   0.3491468     -0.5689396E-01
   0.3557001     -0.5803863E-01
   0.3630107     -0.5880860E-01
   0.3714722     -0.5932709E-01
   0.3810608     -0.5976486E-01
   0.3914230     -0.6018921E-01
   0.4022379     -0.6062238E-01
   0.4132654     -0.6106492E-01
   0.4243883     -0.6151104E-01
   0.4355513     -0.6195883E-01
   0.4467309     -0.6240727E-01
   0.4579174     -0.6285599E-01
   0.4691065     -0.6330481E-01
   0.4802965     -0.6375367E-01
   0.4914862     -0.6420252E-01
   0.5026745     -0.6465133E-01
   0.5138587     -0.6509996E-01
   0.5250329     -0.6554820E-01
   0.5361829     -0.6599539E-01
   0.5472751     -0.6644042E-01
   0.5582342     -0.6687933E-01
   0.5689051     -0.6731022E-01
   0.5790550     -0.6765708E-01
   0.5886677     -0.6776529E-01
   0.5980466     -0.6762067E-01
   0.6069918     -0.6733020E-01
   0.6150593     -0.6685847E-01
   0.6221458     -0.6620197E-01
   0.6288095     -0.6602007E-01
   0.6360497     -0.6641172E-01
   0.6444455     -0.6676752E-01
   0.6538492     -0.6712543E-01
   0.6640673     -0.6754227E-01
   0.6747665     -0.6797036E-01
   0.6856863     -0.6841006E-01
   0.6966354     -0.6885048E-01
   0.7074224     -0.6928535E-01
   0.7178271     -0.6970078E-01
   0.7274888     -0.6995329E-01
   0.7367844     -0.6984660E-01
   0.7458819     -0.6943215E-01
   0.7550466     -0.6855817E-01
   0.7648827     -0.6735365E-01
   0.7751390     -0.6598475E-01
   0.7856705     -0.6450246E-01
   0.7963640     -0.6293649E-01
   0.8071646     -0.6131254E-01
   0.8179997     -0.5965245E-01
   0.8288276     -0.5795824E-01
   0.8396227     -0.5622888E-01
   0.8503789     -0.5445455E-01
   0.8611143     -0.5262754E-01
   0.8718413     -0.5074424E-01
   0.8825792     -0.4880430E-01
   0.8933367     -0.4681102E-01
   0.9041228     -0.4476807E-01
   0.9149532     -0.4268427E-01
   0.9257894     -0.4059103E-01
   0.9365311     -0.3851937E-01
   0.9469973     -0.3650206E-01
   0.9568679     -0.3459850E-01
   0.9657210     -0.3288419E-01
   0.9732213     -0.3142257E-01
   0.9793074     -0.3022268E-01
   0.9842013     -0.2923516E-01
   0.9881583     -0.2839920E-01
   0.9913944     -0.2767473E-01
   0.9940960     -0.2703707E-01
   0.9964074     -0.2646758E-01
   0.9984283     -0.2595142E-01
    1.000000     -0.2553819E-01
