    1.000000       0.000000    
   0.9992168     -0.1503037E-02
   0.9981241     -0.3177726E-02
   0.9967769     -0.4776130E-02
   0.9950929     -0.6275982E-02
   0.9929325     -0.7640982E-02
   0.9900812     -0.8853832E-02
   0.9862201     -0.9961351E-02
   0.9810562     -0.1110536E-01
   0.9747529     -0.1220551E-01
   0.9673174     -0.1306758E-01
   0.9586143     -0.1369669E-01
   0.9491320     -0.1404920E-01
   0.9388768     -0.1417103E-01
   0.9279902     -0.1422019E-01
   0.9168998     -0.1426629E-01
   0.9057414     -0.1431324E-01
   0.8945655     -0.1436072E-01
   0.8833893     -0.1440825E-01
   0.8722277     -0.1445510E-01
   0.8611059     -0.1450366E-01
   0.8499992     -0.1453301E-01
   0.8388464     -0.1456017E-01
   0.8276723     -0.1458753E-01
   0.8164890     -0.1461497E-01
   0.8053027     -0.1464238E-01
   0.7941155     -0.1466981E-01
   0.7829279     -0.1469724E-01
   0.7717402     -0.1472466E-01
   0.7605525     -0.1475209E-01
   0.7493648     -0.1477952E-01
   0.7381770     -0.1480694E-01
   0.7269893     -0.1483437E-01
   0.7158016     -0.1486180E-01
   0.7046139     -0.1488922E-01
   0.6934261     -0.1491665E-01
   0.6822384     -0.1494408E-01
   0.6710507     -0.1497150E-01
   0.6598630     -0.1499893E-01
   0.6486753     -0.1502636E-01
   0.6374875     -0.1505378E-01
   0.6262998     -0.1508121E-01
   0.6151121     -0.1510864E-01
   0.6039244     -0.1513606E-01
   0.5927366     -0.1516349E-01
   0.5815489     -0.1519092E-01
   0.5703612     -0.1521834E-01
   0.5591735     -0.1524577E-01
   0.5479857     -0.1527320E-01
   0.5367980     -0.1530062E-01
   0.5256103     -0.1532805E-01
   0.5144226     -0.1535548E-01
   0.5032349     -0.1538290E-01
   0.4920471     -0.1541033E-01
   0.4808594     -0.1543776E-01
   0.4696717     -0.1546518E-01
   0.4584840     -0.1549261E-01
   0.4472962     -0.1552004E-01
   0.4361085     -0.1554746E-01
   0.4249208     -0.1557489E-01
   0.4137331     -0.1560232E-01
   0.4025454     -0.1562974E-01
   0.3913576     -0.1565717E-01
   0.3801699     -0.1568459E-01
   0.3689822     -0.1571202E-01
   0.3577945     -0.1573945E-01
   0.3466067     -0.1576687E-01
   0.3354190     -0.1579430E-01
   0.3242313     -0.1582173E-01
   0.3130436     -0.1584916E-01
   0.3018559     -0.1587659E-01
   0.2906682     -0.1590402E-01
   0.2794805     -0.1593145E-01
   0.2682929     -0.1595888E-01
   0.2571056     -0.1598631E-01
   0.2459190     -0.1601371E-01
   0.2347327     -0.1604143E-01
   0.2235454     -0.1606932E-01
   0.2123579     -0.1609719E-01
   0.2011703     -0.1612504E-01
   0.1899826     -0.1615287E-01
   0.1787949     -0.1618069E-01
   0.1676072     -0.1620851E-01
   0.1564195     -0.1623631E-01
   0.1452319     -0.1626412E-01
   0.1340443     -0.1629194E-01
   0.1228569     -0.1631976E-01
   0.1116704     -0.1634759E-01
   0.1004869     -0.1637538E-01
   0.8931400E-01 -0.1640313E-01
   0.7817605E-01 -0.1643076E-01
   0.6715082E-01 -0.1645943E-01
   0.5645156E-01 -0.1648160E-01
   0.4653144E-01 -0.1652641E-01
   0.3790089E-01 -0.1640842E-01
   0.3055625E-01 -0.1586256E-01
   0.2414422E-01 -0.1485434E-01
   0.1869941E-01 -0.1355332E-01
   0.1423046E-01 -0.1218305E-01
   0.1054063E-01 -0.1081946E-01
   0.7579157E-02 -0.9379459E-02
   0.5314765E-02 -0.7902739E-02
   0.3598822E-02 -0.6466053E-02
   0.2315339E-02 -0.5123043E-02
   0.1367284E-02 -0.3869169E-02
   0.6897885E-03 -0.2683227E-02
   0.2473590E-03 -0.1544990E-02
   0.2607127E-04 -0.4362284E-03
   0.2912943E-04  0.6611957E-03
   0.2523236E-03  0.1766245E-02
   0.6901684E-03  0.2896368E-02
   0.1354503E-02  0.4068785E-02
   0.2277125E-02  0.5302567E-02
   0.3517621E-02  0.6619022E-02
   0.5173870E-02  0.8032670E-02
   0.7368242E-02  0.9505048E-02
   0.1027022E-01  0.1094493E-01
   0.1395816E-01  0.1224457E-01
   0.1838521E-01  0.1343881E-01
   0.2377025E-01  0.1455921E-01
   0.3031083E-01  0.1545102E-01
   0.3793267E-01  0.1593696E-01
   0.4702020E-01  0.1604854E-01
   0.5741623E-01  0.1606526E-01
   0.6829183E-01  0.1609358E-01
   0.7938558E-01  0.1612085E-01
   0.9054234E-01  0.1614887E-01
   0.1017212      0.1617673E-01
   0.1129060      0.1620459E-01
   0.1240928      0.1623242E-01
   0.1352802      0.1626028E-01
   0.1464678      0.1628816E-01
   0.1576555      0.1631605E-01
   0.1688432      0.1634394E-01
   0.1800308      0.1637184E-01
   0.1912182      0.1639972E-01
   0.2024050      0.1642759E-01
   0.2135903      0.1645547E-01
   0.2247721      0.1648311E-01
   0.2359516      0.1650998E-01
   0.2471284      0.1653745E-01
   0.2582896      0.1656502E-01
   0.2693975      0.1659149E-01
   0.2803464      0.1662139E-01
   0.2908825      0.1663674E-01
   0.3005287      0.1668724E-01
   0.3089441      0.1669632E-01
   0.3157580      0.1652853E-01
   0.3215351      0.1688517E-01
   0.3271691      0.1811623E-01
   0.3330391      0.2018136E-01
   0.3388656      0.2294919E-01
   0.3445059      0.2639824E-01
   0.3500365      0.3054704E-01
   0.3552469      0.3520448E-01
   0.3600583      0.4025034E-01
   0.3647674      0.4522002E-01
   0.3693704      0.4928364E-01
   0.3741716      0.5239630E-01
   0.3798011      0.5495879E-01
   0.3867374      0.5729667E-01
   0.3949451      0.5978235E-01
   0.4036630      0.6235014E-01
   0.4127723      0.6464985E-01
   0.4224548      0.6677665E-01
   0.4320797      0.6868674E-01
   0.4414848      0.7032630E-01
   0.4509125      0.7210275E-01
   0.4601383      0.7364147E-01
   0.4694725      0.7469827E-01
   0.4796354      0.7555460E-01
   0.4898232      0.7626864E-01
   0.4998372      0.7674903E-01
   0.5096744      0.7692382E-01
   0.5195694      0.7675696E-01
   0.5298855      0.7630425E-01
   0.5406329      0.7572366E-01
   0.5513867      0.7520238E-01
   0.5622747      0.7475304E-01
   0.5730708      0.7427476E-01
   0.5837389      0.7367964E-01
   0.5945009      0.7295034E-01
   0.6054078      0.7213050E-01
   0.6164238      0.7127165E-01
   0.6274249      0.7042875E-01
   0.6383680      0.6963026E-01
   0.6492291      0.6889632E-01
   0.6599632      0.6824801E-01
   0.6705047      0.6770326E-01
   0.6804533      0.6723559E-01
   0.6893326      0.6673921E-01
   0.6965312      0.6635156E-01
   0.7019717      0.6570505E-01
   0.7062513      0.6456112E-01
   0.7096733      0.6297281E-01
   0.7124224      0.6090756E-01
   0.7146372      0.5821583E-01
   0.7164863      0.5475947E-01
   0.7180440      0.5041619E-01
   0.7193653      0.4530884E-01
   0.7207175      0.3996814E-01
   0.7223770      0.3514015E-01
   0.7244632      0.3105414E-01
   0.7270270      0.2761231E-01
   0.7300704      0.2474932E-01
   0.7337127      0.2244696E-01
   0.7381429      0.2061610E-01
   0.7434967      0.1921116E-01
   0.7497879      0.1828833E-01
   0.7572095      0.1785798E-01
   0.7661317      0.1779386E-01
   0.7762301      0.1784237E-01
   0.7869797      0.1786213E-01
   0.7980167      0.1789097E-01
   0.8091544      0.1791781E-01
   0.8203252      0.1794537E-01
   0.8315019      0.1797261E-01
   0.8426687      0.1800055E-01
   0.8538058      0.1802581E-01
   0.8649067      0.1806333E-01
   0.8760466      0.1811202E-01
   0.8872145      0.1815911E-01
   0.8983897      0.1820645E-01
   0.9095508      0.1825362E-01
   0.9206522      0.1830290E-01
   0.9315822      0.1835061E-01
   0.9420230      0.1837850E-01
   0.9513417      0.1820023E-01
   0.9597619      0.1760668E-01
   0.9674810      0.1655603E-01
   0.9743626      0.1511264E-01
   0.9804575      0.1334713E-01
   0.9857215      0.1149023E-01
   0.9898088      0.9810409E-02
   0.9928189      0.8194407E-02
   0.9950642      0.6552188E-02
   0.9967834      0.4872724E-02
   0.9981384      0.3176416E-02
   0.9992255      0.1474988E-02
    1.000000       0.000000    
