    1.000000     -0.1731079E-16
   0.9981731      0.3535805E-03
   0.9959080      0.7848692E-03
   0.9934441      0.1245104E-02
   0.9907456      0.1738568E-02
   0.9877698      0.2269946E-02
   0.9844676      0.2844763E-02
   0.9807799      0.3469902E-02
   0.9766322      0.4154192E-02
   0.9719290      0.4908899E-02
   0.9665592      0.5746877E-02
   0.9604041      0.6678348E-02
   0.9533490      0.7707090E-02
   0.9453056      0.8829685E-02
   0.9362535      0.1002716E-01
   0.9262528      0.1127039E-01
   0.9154664      0.1252829E-01
   0.9041257      0.1374711E-01
   0.8924269      0.1489300E-01
   0.8805353      0.1582974E-01
   0.8681448      0.1660567E-01
   0.8553690      0.1731554E-01
   0.8422755      0.1796604E-01
   0.8289192      0.1857168E-01
   0.8153462      0.1914970E-01
   0.8016049      0.1971591E-01
   0.7877491      0.2028234E-01
   0.7738280      0.2085143E-01
   0.7598705      0.2142201E-01
   0.7458930      0.2199341E-01
   0.7319046      0.2256533E-01
   0.7179100      0.2313750E-01
   0.7039122      0.2370980E-01
   0.6899129      0.2428218E-01
   0.6759125      0.2485464E-01
   0.6619114      0.2542705E-01
   0.6479097      0.2599946E-01
   0.6339079      0.2657191E-01
   0.6199058      0.2714439E-01
   0.6059037      0.2771687E-01
   0.5919015      0.2828934E-01
   0.5778993      0.2886180E-01
   0.5638970      0.2943428E-01
   0.5498947      0.3000676E-01
   0.5358925      0.3057924E-01
   0.5218902      0.3115171E-01
   0.5078879      0.3172418E-01
   0.4938856      0.3229666E-01
   0.4798833      0.3286914E-01
   0.4658810      0.3344163E-01
   0.4518787      0.3401411E-01
   0.4378765      0.3458659E-01
   0.4238742      0.3515906E-01
   0.4098721      0.3573154E-01
   0.3958700      0.3630402E-01
   0.3818682      0.3687651E-01
   0.3678667      0.3744896E-01
   0.3538657      0.3802136E-01
   0.3398657      0.3859371E-01
   0.3258669      0.3916606E-01
   0.3118705      0.3973831E-01
   0.2978786      0.4031040E-01
   0.2838940      0.4088203E-01
   0.2699171      0.4145499E-01
   0.2559481      0.4202764E-01
   0.2419977      0.4259968E-01
   0.2280844      0.4317059E-01
   0.2142390      0.4373935E-01
   0.2005137      0.4430384E-01
   0.1869978      0.4485895E-01
   0.1738334      0.4539799E-01
   0.1612198      0.4591490E-01
   0.1493772      0.4639442E-01
   0.1384981      0.4683525E-01
   0.1282816      0.4686386E-01
   0.1182991      0.4651977E-01
   0.1085285      0.4585300E-01
   0.9894937E-01  0.4491712E-01
   0.8965360E-01  0.4375732E-01
   0.8074353E-01  0.4241453E-01
   0.7233133E-01  0.4093520E-01
   0.6450997E-01  0.3936127E-01
   0.5733342E-01  0.3773120E-01
   0.5081695E-01  0.3607849E-01
   0.4494095E-01  0.3443073E-01
   0.3966437E-01  0.3281124E-01
   0.3493569E-01  0.3123082E-01
   0.3069895E-01  0.2969181E-01
   0.2689927E-01  0.2818963E-01
   0.2348222E-01  0.2671634E-01
   0.2039870E-01  0.2526201E-01
   0.1761182E-01  0.2381462E-01
   0.1509118E-01  0.2236855E-01
   0.1281753E-01  0.2091827E-01
   0.1078186E-01  0.1945195E-01
   0.8969073E-02  0.1795780E-01
   0.7362496E-02  0.1642516E-01
   0.5944047E-02  0.1485192E-01
   0.4697284E-02  0.1324833E-01
   0.3610838E-02  0.1162730E-01
   0.2675431E-02  0.1000271E-01
   0.1882449E-02  0.8388431E-02
   0.1229560E-02  0.6798713E-02
   0.7164012E-03  0.5241251E-02
   0.3404912E-03  0.3715586E-02
   0.1003959E-03  0.2216293E-02
  -0.2124704E-05  0.7346294E-03
   0.3927791E-04 -0.7410972E-03
   0.2265355E-03 -0.2224028E-02
   0.5572931E-03 -0.3725022E-02
   0.1034357E-02 -0.5252226E-02
   0.1664925E-02 -0.6810562E-02
   0.2458988E-02 -0.8399709E-02
   0.3426014E-02 -0.1000992E-01
   0.4572221E-02 -0.1162797E-01
   0.5901914E-02 -0.1325251E-01
   0.7414403E-02 -0.1488668E-01
   0.9103290E-02 -0.1653909E-01
   0.1095876E-01 -0.1822584E-01
   0.1298949E-01 -0.1995634E-01
   0.1522197E-01 -0.2172970E-01
   0.1768765E-01 -0.2354221E-01
   0.2042103E-01 -0.2538818E-01
   0.2345297E-01 -0.2726757E-01
   0.2681218E-01 -0.2918270E-01
   0.3052758E-01 -0.3113336E-01
   0.3463600E-01 -0.3310922E-01
   0.3917694E-01 -0.3509549E-01
   0.4419017E-01 -0.3707419E-01
   0.4971032E-01 -0.3902274E-01
   0.5576805E-01 -0.4091270E-01
   0.6239138E-01 -0.4271389E-01
   0.6959969E-01 -0.4439644E-01
   0.7741106E-01 -0.4592638E-01
   0.8586020E-01 -0.4729122E-01
   0.9492972E-01 -0.4848341E-01
   0.1046423     -0.4945550E-01
   0.1151154     -0.5022426E-01
   0.1263815     -0.5086876E-01
   0.1383756     -0.5141908E-01
   0.1510498     -0.5193603E-01
   0.1642346     -0.5247749E-01
   0.1777365     -0.5303112E-01
   0.1914049     -0.5359164E-01
   0.2051267     -0.5415444E-01
   0.2188025     -0.5471537E-01
   0.2323204     -0.5526980E-01
   0.2455303     -0.5581159E-01
   0.2582266     -0.5633231E-01
   0.2701567     -0.5682117E-01
   0.2810723     -0.5727082E-01
   0.2908131     -0.5765969E-01
   0.2993598     -0.5803280E-01
   0.3068869     -0.5832877E-01
   0.3135263     -0.5845066E-01
   0.3196405     -0.5919423E-01
   0.3259275     -0.6085031E-01
   0.3326091     -0.6296121E-01
   0.3393853     -0.6546069E-01
   0.3464842     -0.6837852E-01
   0.3540740     -0.7136761E-01
   0.3619545     -0.7428606E-01
   0.3699176     -0.7702307E-01
   0.3778584     -0.7938971E-01
   0.3859029     -0.8137247E-01
   0.3939859     -0.8297517E-01
   0.4021859     -0.8404207E-01
   0.4109149     -0.8453079E-01
   0.4206912     -0.8490071E-01
   0.4315708     -0.8535539E-01
   0.4434552     -0.8583957E-01
   0.4561132     -0.8635691E-01
   0.4692961     -0.8689567E-01
   0.4827951     -0.8744725E-01
   0.4964557     -0.8800553E-01
   0.5101613     -0.8856581E-01
   0.5238071     -0.8912378E-01
   0.5372756     -0.8967438E-01
   0.5504142     -0.9017831E-01
   0.5632214     -0.9057973E-01
   0.5756570     -0.9086846E-01
   0.5876652     -0.9102781E-01
   0.5991594     -0.9104019E-01
   0.6100782     -0.9088382E-01
   0.6203576     -0.9052049E-01
   0.6300489     -0.8992657E-01
   0.6391411     -0.8916329E-01
   0.6475352     -0.8829154E-01
   0.6551885     -0.8733921E-01
   0.6620645     -0.8633216E-01
   0.6682102     -0.8523091E-01
   0.6737753     -0.8406418E-01
   0.6788061     -0.8296653E-01
   0.6832710     -0.8187096E-01
   0.6872006     -0.8061524E-01
   0.6906731     -0.7911969E-01
   0.6938092     -0.7751397E-01
   0.6967634     -0.7606174E-01
   0.6996723     -0.7495217E-01
   0.7026749     -0.7436057E-01
   0.7059074     -0.7434047E-01
   0.7094603     -0.7467145E-01
   0.7133897     -0.7501236E-01
   0.7177377     -0.7517432E-01
   0.7226120     -0.7530395E-01
   0.7281770     -0.7553882E-01
   0.7345969     -0.7581671E-01
   0.7420158     -0.7611285E-01
   0.7505525     -0.7646336E-01
   0.7602240     -0.7685849E-01
   0.7708818     -0.7729420E-01
   0.7821997     -0.7775686E-01
   0.7937278     -0.7823115E-01
   0.8050078     -0.7866096E-01
   0.8157922     -0.7885246E-01
   0.8262738     -0.7866182E-01
   0.8367105     -0.7806896E-01
   0.8473104     -0.7709316E-01
   0.8582462     -0.7576431E-01
   0.8695980     -0.7417714E-01
   0.8812525     -0.7239864E-01
   0.8930505     -0.7048562E-01
   0.9047907     -0.6848034E-01
   0.9162343     -0.6644200E-01
   0.9271267     -0.6443131E-01
   0.9372092     -0.6252220E-01
   0.9462838     -0.6076038E-01
   0.9542935     -0.5916414E-01
   0.9612826     -0.5774941E-01
   0.9673413     -0.5650924E-01
   0.9726009     -0.5541071E-01
   0.9771978     -0.5442813E-01
   0.9812477     -0.5354188E-01
   0.9848439     -0.5273079E-01
   0.9880604     -0.5197706E-01
   0.9909579     -0.5126909E-01
   0.9935878     -0.5060120E-01
   0.9959932     -0.4996910E-01
   0.9982092     -0.4936874E-01
    1.000000     -0.4887085E-01
