    1.000000       0.000000    
   0.9981394      0.4314405E-03
   0.9958297      0.9528569E-03
   0.9933135      0.1503089E-02
   0.9905532      0.2085507E-02
   0.9875037      0.2703761E-02
   0.9841136      0.3365091E-02
   0.9803222      0.4081136E-02
   0.9760558      0.4867102E-02
   0.9712251      0.5733122E-02
   0.9657282      0.6685546E-02
   0.9594579      0.7729512E-02
   0.9523179      0.8865417E-02
   0.9442398      0.1008600E-01
   0.9352149      0.1138800E-01
   0.9253429      0.1275048E-01
   0.9147835      0.1412540E-01
   0.9036951      0.1547999E-01
   0.8922696      0.1680193E-01
   0.8806929      0.1805339E-01
   0.8691108      0.1919187E-01
   0.8574792      0.2010748E-01
   0.8455479      0.2085877E-01
   0.8333448      0.2154294E-01
   0.8209163      0.2216718E-01
   0.8082904      0.2274483E-01
   0.7954888      0.2329585E-01
   0.7825499      0.2383660E-01
   0.7695179      0.2437791E-01
   0.7564319      0.2492147E-01
   0.7433155      0.2546631E-01
   0.7301819      0.2601183E-01
   0.7170385      0.2655777E-01
   0.7038894      0.2710396E-01
   0.6907373      0.2765028E-01
   0.6775834      0.2819668E-01
   0.6644285      0.2874313E-01
   0.6512730      0.2928958E-01
   0.6381171      0.2983603E-01
   0.6249610      0.3038248E-01
   0.6118047      0.3092896E-01
   0.5986484      0.3147544E-01
   0.5854920      0.3202193E-01
   0.5723357      0.3256841E-01
   0.5591793      0.3311489E-01
   0.5460229      0.3366137E-01
   0.5328665      0.3420786E-01
   0.5197102      0.3475436E-01
   0.5065538      0.3530087E-01
   0.4933975      0.3584735E-01
   0.4802411      0.3639383E-01
   0.4670847      0.3694032E-01
   0.4539283      0.3748681E-01
   0.4407720      0.3803330E-01
   0.4276156      0.3857978E-01
   0.4144594      0.3912624E-01
   0.4013032      0.3967271E-01
   0.3881472      0.4021919E-01
   0.3749915      0.4076568E-01
   0.3618361      0.4131214E-01
   0.3486815      0.4185849E-01
   0.3355278      0.4240486E-01
   0.3223755      0.4295118E-01
   0.3092259      0.4349737E-01
   0.2960811      0.4404340E-01
   0.2829434      0.4458933E-01
   0.2698100      0.4513698E-01
   0.2566821      0.4568419E-01
   0.2435683      0.4623098E-01
   0.2304827      0.4677686E-01
   0.2174477      0.4732102E-01
   0.2045015      0.4786182E-01
   0.1917061      0.4839540E-01
   0.1791612      0.4891764E-01
   0.1670201      0.4942241E-01
   0.1554640      0.4990453E-01
   0.1447552      0.5026323E-01
   0.1346452      0.5018741E-01
   0.1247180      0.4976537E-01
   0.1149581      0.4905231E-01
   0.1053504      0.4809206E-01
   0.9597246E-01  0.4691878E-01
   0.8691315E-01  0.4556532E-01
   0.7827817E-01  0.4406615E-01
   0.7016034E-01  0.4245675E-01
   0.6263093E-01  0.4077669E-01
   0.5573108E-01  0.3906553E-01
   0.4947386E-01  0.3735716E-01
   0.4384059E-01  0.3566752E-01
   0.3878485E-01  0.3400415E-01
   0.3425276E-01  0.3237336E-01
   0.3019152E-01  0.3076901E-01
   0.2655280E-01  0.2916796E-01
   0.2329085E-01  0.2755491E-01
   0.2037670E-01  0.2591202E-01
   0.1778032E-01  0.2422271E-01
   0.1546789E-01  0.2247920E-01
   0.1338996E-01  0.2070740E-01
   0.1150144E-01  0.1894089E-01
   0.9768943E-02  0.1720541E-01
   0.8171298E-02  0.1551509E-01
   0.6710586E-02  0.1386062E-01
   0.5393503E-02  0.1223444E-01
   0.4223191E-02  0.1063495E-01
   0.3198056E-02  0.9063603E-02
   0.2316842E-02  0.7526842E-02
   0.1581586E-02  0.6033021E-02
   0.9887056E-03  0.4580950E-02
   0.5333536E-03  0.3163750E-02
   0.2126368E-03  0.1771724E-02
   0.2737229E-04  0.3933123E-03
  -0.1788379E-04 -0.9849513E-03
   0.7335074E-04 -0.2376098E-02
   0.2957002E-03 -0.3790495E-02
   0.6486038E-03 -0.5236427E-02
   0.1134995E-02 -0.6719828E-02
   0.1759740E-02 -0.8242870E-02
   0.2526964E-02 -0.9800871E-02
   0.3437917E-02 -0.1137965E-01
   0.4499120E-02 -0.1296515E-01
   0.5718199E-02 -0.1454445E-01
   0.7102458E-02 -0.1610568E-01
   0.8661471E-02 -0.1763973E-01
   0.1041121E-01 -0.1914358E-01
   0.1237262E-01 -0.2062849E-01
   0.1456823E-01 -0.2211273E-01
   0.1701784E-01 -0.2361826E-01
   0.1973155E-01 -0.2516740E-01
   0.2272929E-01 -0.2676554E-01
   0.2603984E-01 -0.2841310E-01
   0.2970043E-01 -0.3011461E-01
   0.3375888E-01 -0.3186962E-01
   0.3826231E-01 -0.3366975E-01
   0.4325111E-01 -0.3549847E-01
   0.4876075E-01 -0.3733285E-01
   0.5482212E-01 -0.3914501E-01
   0.6145390E-01 -0.4090113E-01
   0.6866363E-01 -0.4256422E-01
   0.7645280E-01 -0.4410141E-01
   0.8481003E-01 -0.4548327E-01
   0.9374301E-01 -0.4668597E-01
   0.1032454     -0.4771993E-01
   0.1132964     -0.4855551E-01
   0.1239933     -0.4920305E-01
   0.1353800     -0.4975394E-01
   0.1473490     -0.5027119E-01
   0.1597583     -0.5078820E-01
   0.1724499     -0.5131764E-01
   0.1853014     -0.5185339E-01
   0.1982206     -0.5239204E-01
   0.2111309     -0.5293026E-01
   0.2239534     -0.5346482E-01
   0.2365874     -0.5399153E-01
   0.2488930     -0.5450458E-01
   0.2606822     -0.5499610E-01
   0.2717353     -0.5545670E-01
   0.2818455     -0.5587905E-01
   0.2908954     -0.5625611E-01
   0.2988646     -0.5656692E-01
   0.3058539     -0.5691884E-01
   0.3120592     -0.5716945E-01
   0.3175969     -0.5715980E-01
   0.3225754     -0.5741079E-01
   0.3272791     -0.5846466E-01
   0.3321513     -0.6022143E-01
   0.3375943     -0.6212027E-01
   0.3437293     -0.6397014E-01
   0.3504870     -0.6591231E-01
   0.3577813     -0.6787581E-01
   0.3655310     -0.6979180E-01
   0.3735690     -0.7154722E-01
   0.3818977     -0.7300172E-01
   0.3905777     -0.7412985E-01
   0.3997423     -0.7487513E-01
   0.4096835     -0.7533767E-01
   0.4205034     -0.7577752E-01
   0.4320918     -0.7625983E-01
   0.4442606     -0.7676462E-01
   0.4568202     -0.7728586E-01
   0.4696225     -0.7781733E-01
   0.4825659     -0.7835469E-01
   0.4955839     -0.7889520E-01
   0.5086314     -0.7943697E-01
   0.5216719     -0.7997863E-01
   0.5346675     -0.8051861E-01
   0.5475665     -0.8105459E-01
   0.5602911     -0.8158286E-01
   0.5727255     -0.8209775E-01
   0.5847140     -0.8256687E-01
   0.5961704     -0.8290849E-01
   0.6071323     -0.8306215E-01
   0.6176323     -0.8299869E-01
   0.6277161     -0.8268596E-01
   0.6374338     -0.8212914E-01
   0.6467594     -0.8138124E-01
   0.6555931     -0.8051356E-01
   0.6637605     -0.7957279E-01
   0.6712497     -0.7854313E-01
   0.6780404     -0.7752321E-01
   0.6840137     -0.7634509E-01
   0.6893290     -0.7483593E-01
   0.6944322     -0.7362920E-01
   0.6999011     -0.7327874E-01
   0.7062394     -0.7351026E-01
   0.7135775     -0.7381226E-01
   0.7218956     -0.7415630E-01
   0.7312730     -0.7454693E-01
   0.7415614     -0.7497389E-01
   0.7525133     -0.7542880E-01
   0.7637808     -0.7589697E-01
   0.7749871     -0.7636548E-01
   0.7857908     -0.7678206E-01
   0.7960821     -0.7694427E-01
   0.8060822     -0.7671334E-01
   0.8160535     -0.7607118E-01
   0.8262188     -0.7501988E-01
   0.8368335     -0.7360925E-01
   0.8479572     -0.7198437E-01
   0.8594204     -0.7023759E-01
   0.8710397     -0.6838269E-01
   0.8827115     -0.6641640E-01
   0.8943512     -0.6436430E-01
   0.9058359     -0.6226042E-01
   0.9170025     -0.6015586E-01
   0.9276290     -0.5811287E-01
   0.9374841     -0.5620604E-01
   0.9463841     -0.5445773E-01
   0.9542783     -0.5288685E-01
   0.9611739     -0.5148799E-01
   0.9671785     -0.5022248E-01
   0.9724243     -0.4906987E-01
   0.9770311     -0.4801348E-01
   0.9811032     -0.4703840E-01
   0.9847268     -0.4612643E-01
   0.9879708     -0.4525899E-01
   0.9908935     -0.4442459E-01
   0.9935450     -0.4361982E-01
   0.9959684     -0.4284389E-01
   0.9981991     -0.4209518E-01
    1.000000     -0.4146627E-01
