    1.000000       0.000000    
   0.9991882      0.2091344E-02
   0.9980046      0.4416845E-02
   0.9965098      0.6647185E-02
   0.9946332      0.8777105E-02
   0.9922800      0.1080827E-01
   0.9893831      0.1279097E-01
   0.9859102      0.1481229E-01
   0.9819080      0.1696439E-01
   0.9773614      0.1921439E-01
   0.9721569      0.2150037E-01
   0.9661372      0.2382309E-01
   0.9592344      0.2617716E-01
   0.9514539      0.2851765E-01
   0.9428487      0.3081676E-01
   0.9336502      0.3299546E-01
   0.9241147      0.3490635E-01
   0.9143551      0.3641430E-01
   0.9043110      0.3745015E-01
   0.8938356      0.3801094E-01
   0.8826643      0.3813526E-01
   0.8705875      0.3802939E-01
   0.8578148      0.3790828E-01
   0.8447255      0.3778307E-01
   0.8316823      0.3765973E-01
   0.8190685      0.3754060E-01
   0.8073067      0.3742978E-01
   0.7967860      0.3734006E-01
   0.7877363      0.3726148E-01
   0.7801577      0.3719268E-01
   0.7738511      0.3715462E-01
   0.7685466      0.3710368E-01
   0.7640458      0.3701573E-01
   0.7602100      0.3696818E-01
   0.7568988      0.3701629E-01
   0.7539680      0.3712778E-01
   0.7512743      0.3717214E-01
   0.7487433      0.3706850E-01
   0.7463405      0.3678891E-01
   0.7440942      0.3641360E-01
   0.7420585      0.3608638E-01
   0.7402470      0.3589233E-01
   0.7386574      0.3588355E-01
   0.7372859      0.3609993E-01
   0.7361323      0.3658123E-01
   0.7351995      0.3737037E-01
   0.7344490      0.3845418E-01
   0.7338183      0.3978515E-01
   0.7332452      0.4131834E-01
   0.7326582      0.4300160E-01
   0.7319648      0.4476153E-01
   0.7310394      0.4648627E-01
   0.7297941      0.4810384E-01
   0.7282135      0.4962686E-01
   0.7263006      0.5108871E-01
   0.7240895      0.5255110E-01
   0.7216290      0.5408144E-01
   0.7188893      0.5566637E-01
   0.7158016      0.5726350E-01
   0.7122564      0.5883229E-01
   0.7081380      0.6039004E-01
   0.7033457      0.6198090E-01
   0.6977940      0.6361507E-01
   0.6913814      0.6527915E-01
   0.6840125      0.6696581E-01
   0.6757120      0.6863704E-01
   0.6666289      0.7019078E-01
   0.6568701      0.7148778E-01
   0.6464280      0.7248152E-01
   0.6352955      0.7320146E-01
   0.6235159      0.7370262E-01
   0.6111918      0.7404013E-01
   0.5984780      0.7425145E-01
   0.5854954      0.7434246E-01
   0.5722948      0.7432619E-01
   0.5588597      0.7422008E-01
   0.5452056      0.7410623E-01
   0.5314345      0.7398759E-01
   0.5176108      0.7386728E-01
   0.5037755      0.7374745E-01
   0.4899621      0.7362913E-01
   0.4762163      0.7351235E-01
   0.4626202      0.7339335E-01
   0.4492920      0.7327872E-01
   0.4364439      0.7317233E-01
   0.4243989      0.7305734E-01
   0.4135242      0.7298698E-01
   0.4040354      0.7280068E-01
   0.3955533      0.7198982E-01
   0.3874781      0.7037501E-01
   0.3794476      0.6812565E-01
   0.3715994      0.6535332E-01
   0.3638741      0.6198580E-01
   0.3561939      0.5806032E-01
   0.3486143      0.5371057E-01
   0.3412528      0.4913631E-01
   0.3342223      0.4477939E-01
   0.3276516      0.4106629E-01
   0.3213490      0.3789695E-01
   0.3156233      0.3513701E-01
   0.3105641      0.3335060E-01
   0.3055100      0.3284452E-01
   0.2998293      0.3305701E-01
   0.2932260      0.3305106E-01
   0.2855426      0.3291839E-01
   0.2764733      0.3286386E-01
   0.2659458      0.3276657E-01
   0.2541432      0.3266667E-01
   0.2414217      0.3255229E-01
   0.2281349      0.3243180E-01
   0.2145403      0.3230847E-01
   0.2007907      0.3218372E-01
   0.1869687      0.3205829E-01
   0.1731193      0.3193262E-01
   0.1592727      0.3180698E-01
   0.1454605      0.3168168E-01
   0.1317329      0.3155717E-01
   0.1181828      0.3143432E-01
   0.1049786      0.3131514E-01
   0.9238658E-01  0.3119763E-01
   0.8073758E-01  0.3109745E-01
   0.7018512E-01  0.3082603E-01
   0.6064189E-01  0.3029969E-01
   0.5211139E-01  0.2955673E-01
   0.4458340E-01  0.2861926E-01
   0.3798472E-01  0.2750055E-01
   0.3221027E-01  0.2622277E-01
   0.2715272E-01  0.2482089E-01
   0.2271609E-01  0.2332375E-01
   0.1882832E-01  0.2175239E-01
   0.1542844E-01  0.2012716E-01
   0.1246458E-01  0.1845142E-01
   0.9878457E-02  0.1672188E-01
   0.7622740E-02  0.1493411E-01
   0.5682825E-02  0.1308896E-01
   0.4051940E-02  0.1119844E-01
   0.2717581E-02  0.9280585E-02
   0.1664499E-02  0.7363506E-02
   0.8791990E-03  0.5481237E-02
   0.3447139E-03  0.3643911E-02
   0.5018903E-04  0.1846577E-02
  -0.3314172E-05  0.7601081E-04
   0.1946578E-03 -0.1687742E-02
   0.6403215E-03 -0.3466707E-02
   0.1337329E-02 -0.5276954E-02
   0.2302109E-02 -0.7125970E-02
   0.3557481E-02 -0.9004891E-02
   0.5120357E-02 -0.1087876E-01
   0.7007925E-02 -0.1272428E-01
   0.9229826E-02 -0.1453454E-01
   0.1178360E-01 -0.1631877E-01
   0.1468302E-01 -0.1809726E-01
   0.1799095E-01 -0.1986872E-01
   0.2178554E-01 -0.2162137E-01
   0.2614647E-01 -0.2334236E-01
   0.3114654E-01 -0.2503114E-01
   0.3684799E-01 -0.2668014E-01
   0.4330106E-01 -0.2825009E-01
   0.5052014E-01 -0.2968280E-01
   0.5847984E-01 -0.3090663E-01
   0.6710161E-01 -0.3183013E-01
   0.7640518E-01 -0.3230498E-01
   0.8670144E-01 -0.3232574E-01
   0.9824482E-01 -0.3221266E-01
   0.1107745     -0.3209990E-01
   0.1239490     -0.3198046E-01
   0.1374852     -0.3185753E-01
   0.1512086     -0.3173303E-01
   0.1650242     -0.3160773E-01
   0.1788840     -0.3148205E-01
   0.1927642     -0.3135621E-01
   0.2066529     -0.3123030E-01
   0.2205428     -0.3110438E-01
   0.2344279     -0.3097856E-01
   0.2483022     -0.3085229E-01
   0.2621718     -0.3073186E-01
   0.2760547     -0.3061222E-01
   0.2899464     -0.3049261E-01
   0.3038425     -0.3037293E-01
   0.3177406     -0.3025325E-01
   0.3316390     -0.3013358E-01
   0.3455376     -0.3001407E-01
   0.3594363     -0.2989428E-01
   0.3733352     -0.2977421E-01
   0.3872346     -0.2965436E-01
   0.4011345     -0.2953471E-01
   0.4150347     -0.2941514E-01
   0.4289351     -0.2929555E-01
   0.4428356     -0.2917584E-01
   0.4567363     -0.2905610E-01
   0.4706371     -0.2893638E-01
   0.4845379     -0.2881667E-01
   0.4984387     -0.2869694E-01
   0.5123395     -0.2857718E-01
   0.5262403     -0.2845743E-01
   0.5401411     -0.2833772E-01
   0.5540420     -0.2821802E-01
   0.5679428     -0.2809831E-01
   0.5818436     -0.2797858E-01
   0.5957445     -0.2785881E-01
   0.6096453     -0.2773906E-01
   0.6235462     -0.2761932E-01
   0.6374470     -0.2749960E-01
   0.6513478     -0.2737991E-01
   0.6652485     -0.2726024E-01
   0.6791492     -0.2714057E-01
   0.6930498     -0.2702087E-01
   0.7069501     -0.2690115E-01
   0.7208498     -0.2678142E-01
   0.7347483     -0.2666165E-01
   0.7486448     -0.2654206E-01
   0.7625381     -0.2642242E-01
   0.7764245     -0.2630283E-01
   0.7902965     -0.2618332E-01
   0.8041425     -0.2606498E-01
   0.8179647     -0.2593766E-01
   0.8317917     -0.2580659E-01
   0.8455966     -0.2567579E-01
   0.8593280     -0.2554602E-01
   0.8728967     -0.2541817E-01
   0.8861474     -0.2528505E-01
   0.8989040     -0.2507767E-01
   0.9110986     -0.2473691E-01
   0.9226115     -0.2423922E-01
   0.9333088     -0.2356163E-01
   0.9430780     -0.2269929E-01
   0.9518470     -0.2167579E-01
   0.9595802     -0.2051373E-01
   0.9663535     -0.1922661E-01
   0.9722447     -0.1785098E-01
   0.9773438     -0.1640025E-01
   0.9818024     -0.1487926E-01
   0.9857493     -0.1332734E-01
   0.9892241     -0.1178009E-01
   0.9921686     -0.1017371E-01
   0.9945818     -0.8433536E-02
   0.9965062     -0.6511424E-02
   0.9980254     -0.4404993E-02
   0.9992094     -0.2121733E-02
    1.000000       0.000000    
