    1.000000      0.1026929E-01
   0.9986026      0.1109681E-01
   0.9968195      0.1205483E-01
   0.9948059      0.1301158E-01
   0.9924927      0.1395622E-01
   0.9897770      0.1486883E-01
   0.9865110      0.1574365E-01
   0.9824936      0.1663417E-01
   0.9774874      0.1768747E-01
   0.9712860      0.1900790E-01
   0.9637248      0.2058298E-01
   0.9547880      0.2242277E-01
   0.9448608      0.2446177E-01
   0.9343507      0.2661660E-01
   0.9235667      0.2882919E-01
   0.9126832      0.3106507E-01
   0.9018041      0.3329564E-01
   0.8909790      0.3548553E-01
   0.8801861      0.3762548E-01
   0.8694162      0.3971172E-01
   0.8586588      0.4174083E-01
   0.8478958      0.4371289E-01
   0.8371131      0.4563147E-01
   0.8262923      0.4750361E-01
   0.8154345      0.4934042E-01
   0.8045715      0.5114201E-01
   0.7937344      0.5290744E-01
   0.7830098      0.5461249E-01
   0.7724447      0.5623220E-01
   0.7621444      0.5773677E-01
   0.7523202      0.5906952E-01
   0.7431054      0.6003830E-01
   0.7339990      0.6059814E-01
   0.7247380      0.6079489E-01
   0.7150632      0.6067561E-01
   0.7047876      0.6038170E-01
   0.6940456      0.6008249E-01
   0.6830984      0.5977561E-01
   0.6721529      0.5946890E-01
   0.6614266      0.5917110E-01
   0.6512042      0.5887856E-01
   0.6418300      0.5863915E-01
   0.6334960      0.5837722E-01
   0.6263241      0.5809178E-01
   0.6196782      0.5840510E-01
   0.6125472      0.5915960E-01
   0.6044097      0.5972105E-01
   0.5954154      0.6012175E-01
   0.5860110      0.6037003E-01
   0.5763398      0.6036014E-01
   0.5661122      0.6012651E-01
   0.5553639      0.5982358E-01
   0.5443344      0.5951659E-01
   0.5331755      0.5920537E-01
   0.5219611      0.5889268E-01
   0.5107234      0.5857930E-01
   0.4994763      0.5826565E-01
   0.4882254      0.5795189E-01
   0.4769731      0.5763810E-01
   0.4657207      0.5732431E-01
   0.4544695      0.5701055E-01
   0.4432216      0.5669688E-01
   0.4319821      0.5638345E-01
   0.4207632      0.5607059E-01
   0.4095942      0.5575915E-01
   0.3985436      0.5545089E-01
   0.3877538      0.5515020E-01
   0.3775089      0.5485025E-01
   0.3681372      0.5451337E-01
   0.3599741      0.5404745E-01
   0.3528670      0.5326865E-01
   0.3464627      0.5210323E-01
   0.3407609      0.5079509E-01
   0.3353767      0.4998611E-01
   0.3295456      0.4984933E-01
   0.3226263      0.4975628E-01
   0.3145026      0.4948495E-01
   0.3051885      0.4923777E-01
   0.2949509      0.4894895E-01
   0.2841751      0.4864918E-01
   0.2731336      0.4834224E-01
   0.2619700      0.4803283E-01
   0.2507537      0.4772182E-01
   0.2395156      0.4741021E-01
   0.2282691      0.4709837E-01
   0.2170208      0.4678647E-01
   0.2057753      0.4647466E-01
   0.1945398      0.4616316E-01
   0.1833292      0.4585230E-01
   0.1721758      0.4554293E-01
   0.1611457      0.4523830E-01
   0.1503342      0.4493798E-01
   0.1398773      0.4457053E-01
   0.1297586      0.4405671E-01
   0.1199087      0.4335135E-01
   0.1102672      0.4242497E-01
   0.1007875      0.4125839E-01
   0.9143531E-01  0.3983941E-01
   0.8219289E-01  0.3816339E-01
   0.7306318E-01  0.3623483E-01
   0.6409351E-01  0.3407238E-01
   0.5536368E-01  0.3171864E-01
   0.4710969E-01  0.2926366E-01
   0.3956378E-01  0.2675773E-01
   0.3281446E-01  0.2424170E-01
   0.2692745E-01  0.2181937E-01
   0.2195036E-01  0.1957560E-01
   0.1779725E-01  0.1752022E-01
   0.1431581E-01  0.1567314E-01
   0.1137015E-01  0.1404426E-01
   0.8870483E-02  0.1258136E-01
   0.6786933E-02  0.1118056E-01
   0.5076287E-02  0.9794252E-02
   0.3682132E-02  0.8408365E-02
   0.2556513E-02  0.7034924E-02
   0.1668356E-02  0.5703410E-02
   0.9875142E-03  0.4421275E-02
   0.4913981E-03  0.3184957E-02
   0.1665788E-03  0.1987192E-02
   0.8547347E-05  0.8193063E-03
   0.2209437E-04 -0.3285155E-03
   0.2109021E-03 -0.1469612E-02
   0.5685198E-03 -0.2620249E-02
   0.1095740E-02 -0.3795539E-02
   0.1801123E-02 -0.5010206E-02
   0.2699533E-02 -0.6278540E-02
   0.3807717E-02 -0.7611318E-02
   0.5128672E-02 -0.9004371E-02
   0.6650463E-02 -0.1042393E-01
   0.8371574E-02 -0.1181668E-01
   0.1027448E-01 -0.1312294E-01
   0.1233617E-01 -0.1429726E-01
   0.1454178E-01 -0.1533141E-01
   0.1683788E-01 -0.1630875E-01
   0.1915275E-01 -0.1735761E-01
   0.2141510E-01 -0.1863374E-01
   0.2357674E-01 -0.2030525E-01
   0.2572755E-01 -0.2239088E-01
   0.2803107E-01 -0.2481683E-01
   0.3068796E-01 -0.2738533E-01
   0.3377980E-01 -0.2989513E-01
   0.3734049E-01 -0.3223528E-01
   0.4152197E-01 -0.3439296E-01
   0.4653854E-01 -0.3646074E-01
   0.5253274E-01 -0.3851341E-01
   0.5954354E-01 -0.4059775E-01
   0.6748723E-01 -0.4272478E-01
   0.7611081E-01 -0.4481697E-01
   0.8518672E-01 -0.4678873E-01
   0.9454677E-01 -0.4859763E-01
   0.1040588     -0.5021319E-01
   0.1136424     -0.5161757E-01
   0.1232354     -0.5279680E-01
   0.1328011     -0.5373769E-01
   0.1422956     -0.5442496E-01
   0.1517468     -0.5482988E-01
   0.1612055     -0.5493898E-01
   0.1709111     -0.5472064E-01
   0.1812644     -0.5442411E-01
   0.1920663     -0.5412891E-01
   0.2031154     -0.5382346E-01
   0.2142789     -0.5351315E-01
   0.2254949     -0.5320078E-01
   0.2367307     -0.5288804E-01
   0.2479747     -0.5257592E-01
   0.2592228     -0.5226408E-01
   0.2704714     -0.5195213E-01
   0.2817172     -0.5164041E-01
   0.2929623     -0.5132695E-01
   0.3042115     -0.5101323E-01
   0.3154631     -0.5069946E-01
   0.3267159     -0.5038566E-01
   0.3379692     -0.5007184E-01
   0.3492227     -0.4975803E-01
   0.3604764     -0.4944423E-01
   0.3717301     -0.4913043E-01
   0.3829837     -0.4881661E-01
   0.3942375     -0.4850279E-01
   0.4054912     -0.4818895E-01
   0.4167449     -0.4787512E-01
   0.4279987     -0.4756129E-01
   0.4392524     -0.4724747E-01
   0.4505062     -0.4693364E-01
   0.4617599     -0.4661980E-01
   0.4730137     -0.4630597E-01
   0.4842674     -0.4599214E-01
   0.4955212     -0.4567831E-01
   0.5067749     -0.4536448E-01
   0.5180287     -0.4505065E-01
   0.5292824     -0.4473682E-01
   0.5405361     -0.4442299E-01
   0.5517899     -0.4410917E-01
   0.5630436     -0.4379535E-01
   0.5742973     -0.4348152E-01
   0.5855509     -0.4316767E-01
   0.5968046     -0.4285381E-01
   0.6080582     -0.4253996E-01
   0.6193116     -0.4222614E-01
   0.6305648     -0.4191234E-01
   0.6418175     -0.4159856E-01
   0.6530691     -0.4128478E-01
   0.6643183     -0.4097121E-01
   0.6755656     -0.4065679E-01
   0.6868141     -0.4034192E-01
   0.6980616     -0.4002715E-01
   0.7093027     -0.3971259E-01
   0.7205282     -0.3939813E-01
   0.7317220     -0.3907966E-01
   0.7428743     -0.3875195E-01
   0.7539642     -0.3840670E-01
   0.7649752     -0.3803403E-01
   0.7759004     -0.3761702E-01
   0.7867061     -0.3714711E-01
   0.7974250     -0.3658703E-01
   0.8080777     -0.3594814E-01
   0.8186026     -0.3521653E-01
   0.8290039     -0.3437003E-01
   0.8392610     -0.3343806E-01
   0.8490609     -0.3235819E-01
   0.8587997     -0.3102476E-01
   0.8685072     -0.2977039E-01
   0.8786791     -0.2860884E-01
   0.8893002     -0.2736493E-01
   0.9001483     -0.2610259E-01
   0.9110180     -0.2483371E-01
   0.9216390     -0.2355644E-01
   0.9321083     -0.2214128E-01
   0.9425849     -0.2068196E-01
   0.9526370     -0.1927051E-01
   0.9618305     -0.1798972E-01
   0.9697325     -0.1689704E-01
   0.9762608     -0.1596353E-01
   0.9815489     -0.1519958E-01
   0.9857885     -0.1455566E-01
   0.9892273     -0.1390635E-01
   0.9920843     -0.1320535E-01
   0.9945188     -0.1246306E-01
   0.9966403     -0.1170211E-01
   0.9985221     -0.1093482E-01
    1.000000     -0.1026929E-01
