    1.000000      0.1512551E-01
   0.9985574      0.1636654E-01
   0.9967535      0.1772200E-01
   0.9947743      0.1898643E-01
   0.9925846      0.2014591E-01
   0.9901393      0.2118805E-01
   0.9874004      0.2213969E-01
   0.9843356      0.2306140E-01
   0.9809285      0.2405114E-01
   0.9771554      0.2517557E-01
   0.9729450      0.2642316E-01
   0.9681817      0.2777452E-01
   0.9627303      0.2926221E-01
   0.9564743      0.3093751E-01
   0.9493194      0.3281887E-01
   0.9411844      0.3490860E-01
   0.9320561      0.3718856E-01
   0.9220255      0.3961470E-01
   0.9112653      0.4211643E-01
   0.8999843      0.4462198E-01
   0.8884022      0.4706419E-01
   0.8767108      0.4940351E-01
   0.8651547      0.5160733E-01
   0.8539981      0.5361959E-01
   0.8433715      0.5529124E-01
   0.8331000      0.5652599E-01
   0.8229543      0.5731765E-01
   0.8127212      0.5767316E-01
   0.8021583      0.5765539E-01
   0.7912504      0.5746741E-01
   0.7803843      0.5727353E-01
   0.7700423      0.5708907E-01
   0.7605872      0.5692059E-01
   0.7521928      0.5677008E-01
   0.7448521      0.5664969E-01
   0.7384578      0.5651332E-01
   0.7328826      0.5640190E-01
   0.7279671      0.5640406E-01
   0.7235425      0.5634843E-01
   0.7195050      0.5603609E-01
   0.7158290      0.5571733E-01
   0.7124584      0.5588020E-01
   0.7092624      0.5686027E-01
   0.7059590      0.5830902E-01
   0.7022664      0.5958948E-01
   0.6980751      0.6067542E-01
   0.6933462      0.6174001E-01
   0.6880819      0.6285183E-01
   0.6822297      0.6393496E-01
   0.6756519      0.6497898E-01
   0.6682778      0.6602468E-01
   0.6601401      0.6704645E-01
   0.6512795      0.6799710E-01
   0.6417777      0.6881107E-01
   0.6316783      0.6942223E-01
   0.6209649      0.6980706E-01
   0.6096137      0.6998121E-01
   0.5976171      0.6996287E-01
   0.5849225      0.6979049E-01
   0.5715850      0.6955623E-01
   0.5578076      0.6930702E-01
   0.5437598      0.6905151E-01
   0.5295615      0.6879350E-01
   0.5152942      0.6853442E-01
   0.5010186      0.6827531E-01
   0.4867935      0.6801714E-01
   0.4726929      0.6776126E-01
   0.4588257      0.6750970E-01
   0.4453536      0.6726571E-01
   0.4324937      0.6703348E-01
   0.4204910      0.6681052E-01
   0.4095294      0.6663175E-01
   0.3996110      0.6629890E-01
   0.3903258      0.6556061E-01
   0.3814798      0.6445489E-01
   0.3729806      0.6299910E-01
   0.3647541      0.6125566E-01
   0.3568651      0.5937375E-01
   0.3494837      0.5743580E-01
   0.3426693      0.5549117E-01
   0.3364612      0.5360725E-01
   0.3309092      0.5169467E-01
   0.3259519      0.4993152E-01
   0.3212408      0.4885050E-01
   0.3163330      0.4862174E-01
   0.3109068      0.4876906E-01
   0.3048123      0.4870922E-01
   0.2979373      0.4851014E-01
   0.2900630      0.4838037E-01
   0.2810108      0.4822023E-01
   0.2707263      0.4803144E-01
   0.2592558      0.4782482E-01
   0.2467927      0.4759968E-01
   0.2335972      0.4736129E-01
   0.2199227      0.4711426E-01
   0.2059723      0.4686223E-01
   0.1918988      0.4660801E-01
   0.1778260      0.4635389E-01
   0.1638782      0.4610207E-01
   0.1502075      0.4585510E-01
   0.1370099      0.4561603E-01
   0.1245114      0.4535543E-01
   0.1128577      0.4503053E-01
   0.1021382      0.4457550E-01
   0.9225728E-01  0.4389813E-01
   0.8310649E-01  0.4303146E-01
   0.7468965E-01  0.4200211E-01
   0.6697905E-01  0.4081996E-01
   0.5993584E-01  0.3950878E-01
   0.5352461E-01  0.3809864E-01
   0.4770465E-01  0.3661472E-01
   0.4242988E-01  0.3508044E-01
   0.3765287E-01  0.3351591E-01
   0.3332782E-01  0.3193604E-01
   0.2941022E-01  0.3035230E-01
   0.2585875E-01  0.2877101E-01
   0.2263369E-01  0.2719642E-01
   0.1970198E-01  0.2562907E-01
   0.1703680E-01  0.2406872E-01
   0.1461381E-01  0.2251634E-01
   0.1241569E-01  0.2096885E-01
   0.1042780E-01  0.1941942E-01
   0.8633693E-02  0.1786191E-01
   0.7018040E-02  0.1629119E-01
   0.5575556E-02  0.1470498E-01
   0.4306678E-02  0.1310423E-01
   0.3210565E-02  0.1149171E-01
   0.2284542E-02  0.9871182E-02
   0.1524088E-02  0.8248319E-02
   0.9228808E-03  0.6636766E-02
   0.4730995E-03  0.5046249E-02
   0.1680084E-03  0.3479260E-02
   0.3917610E-05  0.1933591E-02
  -0.1847528E-04  0.4036515E-03
   0.1059937E-03 -0.1119422E-02
   0.3765878E-03 -0.2648085E-02
   0.7918717E-03 -0.4193788E-02
   0.1355067E-02 -0.5765232E-02
   0.2072609E-02 -0.7367597E-02
   0.2951779E-02 -0.9000139E-02
   0.3996649E-02 -0.1065264E-01
   0.5210504E-02 -0.1231619E-01
   0.6595872E-02 -0.1398856E-01
   0.8151020E-02 -0.1567045E-01
   0.9870578E-02 -0.1736755E-01
   0.1175215E-01 -0.1908901E-01
   0.1381376E-01 -0.2083199E-01
   0.1608284E-01 -0.2258726E-01
   0.1859309E-01 -0.2434142E-01
   0.2138040E-01 -0.2608480E-01
   0.2447575E-01 -0.2782221E-01
   0.2790852E-01 -0.2956274E-01
   0.3171173E-01 -0.3131289E-01
   0.3593143E-01 -0.3307206E-01
   0.4062041E-01 -0.3484114E-01
   0.4583733E-01 -0.3662061E-01
   0.5163642E-01 -0.3840977E-01
   0.5806286E-01 -0.4020080E-01
   0.6514177E-01 -0.4197901E-01
   0.7286440E-01 -0.4371815E-01
   0.8118261E-01 -0.4537823E-01
   0.9001607E-01 -0.4691226E-01
   0.9926457E-01 -0.4827276E-01
   0.1088262     -0.4941246E-01
   0.1186281     -0.5027875E-01
   0.1286781     -0.5081434E-01
   0.1390812     -0.5093539E-01
   0.1503060     -0.5072263E-01
   0.1625198     -0.5050797E-01
   0.1755284     -0.5027189E-01
   0.1891028     -0.5002688E-01
   0.2030394     -0.4977507E-01
   0.2171933     -0.4951925E-01
   0.2314724     -0.4926126E-01
   0.2458213     -0.4900206E-01
   0.2602077     -0.4874222E-01
   0.2746124     -0.4848214E-01
   0.2890262     -0.4822074E-01
   0.3034496     -0.4795873E-01
   0.3178798     -0.4769662E-01
   0.3323138     -0.4743445E-01
   0.3467499     -0.4717241E-01
   0.3611877     -0.4691027E-01
   0.3756266     -0.4664804E-01
   0.3900661     -0.4638575E-01
   0.4045059     -0.4612345E-01
   0.4189459     -0.4586118E-01
   0.4333860     -0.4559895E-01
   0.4478261     -0.4533671E-01
   0.4622663     -0.4507444E-01
   0.4767065     -0.4481213E-01
   0.4911467     -0.4454985E-01
   0.5055870     -0.4428760E-01
   0.5200273     -0.4402536E-01
   0.5344676     -0.4376312E-01
   0.5489079     -0.4350085E-01
   0.5633481     -0.4323858E-01
   0.5777883     -0.4297633E-01
   0.5922283     -0.4271411E-01
   0.6066682     -0.4245188E-01
   0.6211078     -0.4218962E-01
   0.6355469     -0.4192734E-01
   0.6499852     -0.4166510E-01
   0.6644224     -0.4140297E-01
   0.6788573     -0.4114085E-01
   0.6932883     -0.4087863E-01
   0.7077135     -0.4061671E-01
   0.7221280     -0.4035496E-01
   0.7365241     -0.4009330E-01
   0.7508974     -0.3983553E-01
   0.7652552     -0.3958018E-01
   0.7795746     -0.3932550E-01
   0.7938138     -0.3907224E-01
   0.8079075     -0.3882039E-01
   0.8217673     -0.3855753E-01
   0.8353067     -0.3825901E-01
   0.8484684     -0.3789998E-01
   0.8611613     -0.3745336E-01
   0.8733856     -0.3684836E-01
   0.8851973     -0.3603517E-01
   0.8967516     -0.3497519E-01
   0.9080504     -0.3376019E-01
   0.9189051     -0.3245826E-01
   0.9291084     -0.3113341E-01
   0.9384522     -0.2984670E-01
   0.9468181     -0.2863233E-01
   0.9541980     -0.2749429E-01
   0.9606801     -0.2642600E-01
   0.9663643     -0.2542715E-01
   0.9713622     -0.2447978E-01
   0.9757987     -0.2356972E-01
   0.9797722     -0.2270997E-01
   0.9833422     -0.2191063E-01
   0.9865407     -0.2112576E-01
   0.9894045     -0.2029330E-01
   0.9919787     -0.1937733E-01
   0.9943105     -0.1837235E-01
   0.9964436     -0.1729406E-01
   0.9984101     -0.1615505E-01
    1.000000     -0.1512551E-01
