3.968465556170031e-09,
0.0,
0.0,
0.0,
0.0,
0.0,
0.0,
2.135542853665129e-09,
1.8177425120669e-09,
0.0,
0.0,
0.0,
0.0,
0.0,
0.0,
0.0,
0.0,
0.0,
0.0,
0.0,
0.0,
0.0,
0.0,
0.0,
1.7997595636032315e-09,
0.0,
1.966478757609025e-09,
0.0,
0.0,
0.0,
0.0,
2.316915548306042e-09,
0.0,
0.0,
0.0,
0.0,
1.7320435086176644e-09,
0.0,
5.864838059643773e-10,
0.0,
0.0,
1.0685604623361655e-09,
0.0,
0.0,
0.0,
8.514161597972247e-10,
0.0,
0.0,
0.0,
0.0,
4.242382556363111e-10,
0.0,
3.7617675641143933e-10,
0.0,
3.2500016566849865e-10,
2.123585973734521e-09,
3.3781537567278974e-09,
3.535130244092244e-10,
0.0,
2.435241341913752e-09,
0.0,
0.0,
1.279517158891963e-09,
0.0,
0.0,
3.900278988666628e-10,
0.0,
0.0,
2.4766868556014288e-09,
3.096773393274077e-10,
0.0,
0.0,
2.771012086455471e-09,
1.4782761681431111e-09,
0.0,
0.0,
0.0,
2.7818500281107106e-10,
1.6848312744954796e-09,
1.6099432897931365e-09,
2.44661707560212e-10,
0.0,
7.331900642171263e-10,
6.906203386947141e-10,
2.4305508716793156e-09,
1.1343352923631755e-09,
2.2485839579200473e-10,
0.0,
3.0474440748662346e-09,
3.6692859861631177e-09,
1.547502237464471e-09,
7.560795878269744e-10,
7.32785054857743e-10,
3.5413966203989844e-10,
7.16941450651376e-10,
4.71903238707938e-10,
1.7757488812719657e-09,
1.7010665098737832e-09,
2.2229769136572486e-09,
9.089419883423488e-09,
3.901118539317849e-09,
1.388938963842179e-09,
1.1474761141272438e-09,
3.03586156213953e-09,
2.5190929342500112e-09,
1.0847522879942062e-09,
2.4546282784143614e-09,
2.7744044839295157e-09,
3.5220251159984173e-09,
5.864664753829629e-09,
3.896946321191308e-09,
3.5546336984992877e-09,
4.726885993733276e-09,
5.881450881872752e-09,
9.001787759643776e-09,
5.1458366456813565e-09,
1.551324224635664e-08,
9.822280766513813e-09,
3.6818448734265985e-08,
1.2011386552046588e-08,
3.773541479290543e-08,
3.341967413916791e-08,
1.5413235132655245e-08,
2.6635499139615604e-08,
1.259400050912518e-08,
2.1808620687124858e-08,
2.732798343174636e-08,
3.829295991408799e-08,
4.203045378403658e-08,
4.380578388918366e-08,
5.26848218385112e-08,
2.9218952590781555e-08,
5.044516626639961e-08,
5.5652790820204245e-08,
7.216701192191977e-08,
1.4944896520319162e-07,
4.96240524228142e-08,
3.900423095615224e-08,
6.315587341987339e-08,
5.5840132517914753e-08,
6.83371581544634e-08,
5.664286106821237e-08,
5.7679457654558064e-08,
5.290198146212788e-08,
5.598449703825281e-08,
4.0625021568985176e-08,
3.529072145624923e-08,
3.2934217131241894e-08,
2.115313613160197e-08,
2.4789059693830495e-08,
2.2020778089881787e-08,
1.9630800096592793e-08,
2.0832548131011208e-08,
1.7765973581163053e-08,
1.5175523060406704e-08,
1.6028996796535466e-08,
2.3502476409476003e-08,
1.8798163026190196e-08,
1.3088309991360347e-08,
2.611446348055324e-08,
1.1061554339164559e-08,
2.1161413954473574e-08,
2.6879574122062877e-08,
1.8084065800394455e-08,
1.4024438499404823e-08,
1.5425055011064615e-08,
1.4697323358348058e-08,
1.84452790819023e-08,
1.7462676638047014e-08,
2.2096989127362576e-08,
4.0986243732277217e-08,
2.8394072870696618e-08,
1.728050413873916e-08,
1.4794161451447962e-08,
2.1115173609587146e-08,
1.5460502211794847e-08,
1.4213554777597892e-08,
1.602613863838087e-08,
1.9981808208058283e-08,
1.1588533688211555e-08,
2.528319420491698e-08,
1.9420630437139152e-08,
1.5019990584619336e-08,
2.3095131140848935e-08,
1.917368308568257e-08,
1.478593247838944e-08,
1.927612558461078e-08,
2.197092285882718e-08,
2.6382672047020606e-08,
2.1084909818114284e-08,
2.6870244695942347e-08,
2.2561739143611703e-08,
2.35148611693603e-08,
2.3021504702569473e-08,
2.3222364475827817e-08,
3.010662297242561e-08,
2.3807263715980298e-08,
2.6721361123804854e-08,
2.950854671723846e-08,
2.871839299700696e-08,
3.406644921710722e-08,
3.094005052162174e-08,
3.200256415425429e-08,
3.3766369256227335e-08,
3.457223840541701e-08,
3.773019585651127e-08,
3.823727112717279e-08,
4.818442178589066e-08,
4.6466286818258595e-08,
5.122898016907129e-08,
6.247912409662604e-08,
7.1667670908937e-08,
6.325075929680679e-08,
5.783037693163351e-08,
7.63674350423571e-08,
7.569248339223122e-08,
6.63740848949601e-08,
6.939443863984707e-08,
6.663976392928816e-08,
5.734650443400824e-08