oscispine
 8.00000  0.00000
 7.96576  0.00456
 7.86368  0.01744
 7.69552  0.03704
 7.46408  0.06160
 7.17344  0.09016
 6.97527  0.10831
 6.97527  0.07668
 6.94132  0.06645
 6.90894  0.05529
 6.87835  0.04423
 6.84973  0.03430
 6.82328  0.02636
 6.79944  0.02114
 6.77731  0.01869
 6.75645  0.01902
 6.73564  0.02220
 6.71369  0.02854
 6.68982  0.03842
 6.66381  0.05184
 6.63569  0.06830
 6.60552  0.08683
 6.57318  0.10613
 6.53833  0.12468
 6.50042  0.14067
 6.45904  0.15188
 6.41457  0.15579
 6.36978  0.15077
 6.32690  0.13736
 6.28724  0.11745
 6.25077  0.09325
 6.21691  0.06669
 6.18519  0.03965
 6.15545  0.01408
 6.12797 -0.00804
 6.10349 -0.02486
 6.08319 -0.03530
 6.06793 -0.03982
 6.05621 -0.04031
 6.04353 -0.03739
 6.02646 -0.02899
 6.00431 -0.01291
 5.97858  0.01061
 5.95042  0.03999
 5.92040  0.07308
 5.88859  0.10753
 5.85451  0.14106
 5.81695  0.17147
 5.77385  0.19602
 5.72374  0.21012
 5.67000  0.20829
 5.62020  0.19049
 5.57744  0.16192
 5.54009  0.12676
 5.50603  0.08744
 5.47402  0.04617
 5.44361  0.00560
 5.41482 -0.03131
 5.38834 -0.06142
 5.36588 -0.08181
 5.35055 -0.09123
 5.34436 -0.09296
 5.34062 -0.09235
 5.32913 -0.08620
 5.30911 -0.06874
 5.28399 -0.03943
 5.25612 -0.00071
 5.22659  0.04411
 5.19575  0.09164
 5.16343  0.13867
 5.12874  0.18246
 5.08939  0.22069
 5.04075  0.24992
 4.98115  0.26095
 4.92213  0.24659
 4.87452  0.21469
 4.83561  0.17338
 4.80108  0.12558
 4.76876  0.07346
 4.73777  0.01988
 4.70790 -0.03161
 4.67947 -0.07702
 4.65355 -0.11213
 4.63302 -0.13302
 4.62369 -0.13896
 4.62680 -0.13882
 4.62489 -0.13757
 4.60918 -0.12395
 4.58545 -0.09385
 4.55808 -0.05005
 4.52892  0.00316
 4.49866  0.06128
 4.46740  0.12015
 4.43471  0.17605
 4.39927  0.22610
 4.35743  0.26821
 4.30176  0.29734
 4.23400  0.29813
 4.17705  0.26930
 4.13454  0.22626
 4.09884  0.17438
 4.06601  0.11548
 4.03459  0.05233
 4.00410 -0.01127
 3.97455 -0.07082
 3.94646 -0.12138
 3.92154 -0.15758
 3.90431 -0.17507
 3.90385 -0.17613
 3.91275 -0.17676
 3.90537 -0.17099
 3.88447 -0.14565
 3.85806 -0.10218
 3.82939 -0.04548
 3.79957  0.01933
 3.76893  0.08729
 3.73738  0.15375
 3.70428  0.21477
 3.66768  0.26769
 3.62179  0.31066
 3.55647  0.33424
 3.48659  0.31895
 3.43649  0.27842
 3.39827  0.22629
 3.36463  0.16507
 3.33279  0.09690
 3.30190  0.02550
 3.27176 -0.04446
 3.24255 -0.10775
 3.21504 -0.15888
 3.19168 -0.19216
 3.17982 -0.20326
 3.18924 -0.20169
 3.19560 -0.20294
 3.18104 -0.18800
 3.15667 -0.15070
 3.12878 -0.09588
 3.09939 -0.02923
 3.06918  0.04372
 3.03825  0.11766
 3.00632  0.18771
 2.97246  0.24996
 2.93360  0.30239
 2.88054  0.34252
 2.81193  0.35426
 2.75621  0.33714
 2.71108  0.30578
 2.67317  0.26656
 2.63898  0.22202
 2.60698  0.17473
 2.57637  0.12745
 2.54708  0.08346
 2.51964  0.04629
 2.49545  0.01938
 2.47756  0.00511
 2.46986  0.00166
 2.46986  0.36072
 2.46928  0.36072
 2.23088  0.36032
 2.00000  0.35728
 1.77768  0.35176
 1.56496  0.34360
 1.36264  0.33288
 1.17160  0.31952
 0.99264  0.30360
 0.82656  0.28512
 0.67416  0.26440
 0.53592  0.24184
 0.41248  0.21760
 0.30448  0.19160
 0.21224  0.16312
 0.13632  0.13168
 0.07688  0.09712
 0.03424  0.06136
 0.00856  0.02792
 0.00000  0.00000
 0.00856 -0.02792
 0.03424 -0.06136
 0.07688 -0.09712
 0.13632 -0.13168
 0.21224 -0.16312
 0.30448 -0.19160
 0.41248 -0.21760
 0.53592 -0.24184
 0.67416 -0.26440
 0.82656 -0.28512
 0.99264 -0.30360
 1.17160 -0.31952
 1.36264 -0.33288
 1.56496 -0.34360
 1.77768 -0.35176
 2.00000 -0.35728
 2.23088 -0.36032
 2.46928 -0.36072
 2.49917 -0.36048
 2.49917 -0.13933
 2.55241 -0.11790
 2.59547 -0.08421
 2.63222 -0.04349
 2.66572  0.00184
 2.69738  0.04940
 2.72771  0.09624
 2.75665  0.13901
 2.78341  0.17391
 2.80644  0.19788
 2.82225  0.20918
 2.82747  0.21110
 2.81980  0.21196
 2.82769  0.20483
 2.84977  0.17458
 2.87686  0.12466
 2.90587  0.06098
 2.93589 -0.01077
 2.96661 -0.08496
 2.99817 -0.15654
 3.03122 -0.22140
 3.06780 -0.27695
 3.11417 -0.32170
 3.18148 -0.34548
 3.25184 -0.32795
 3.30093 -0.28597
 3.33851 -0.23298
 3.37195 -0.17093
 3.40367 -0.10221
 3.43447 -0.03073
 3.46453  0.03877
 3.49363  0.10109
 3.52094  0.15086
 3.54366  0.18225
 3.55450  0.19197
 3.54557  0.19066
 3.54119  0.19134
 3.55624  0.17649
 3.58058  0.14105
 3.60843  0.08965
 3.63782  0.02774
 3.66812 -0.03948
 3.69924 -0.10711
 3.73151 -0.17089
 3.76605 -0.22758
 3.80609 -0.27529
 3.85966 -0.31062
 3.92950 -0.31782
 3.98998 -0.29081
 4.03369 -0.24790
 4.06972 -0.19582
 4.10258 -0.13673
 4.13397 -0.07349
 4.16442 -0.00996
 4.19394  0.04939
 4.22205  0.09985
 4.24730  0.13670
 4.26573  0.15584
 4.26972  0.15863
 4.26290  0.15868
 4.26818  0.15521
 4.28728  0.13557
 4.31278  0.09943
 4.34104  0.05109
 4.37072 -0.00479
 4.40140 -0.06375
 4.43318 -0.12172
 4.46676 -0.17538
 4.50397 -0.22226
 4.54920 -0.26007
 4.60824 -0.28162
 4.67229 -0.27451
 4.72390 -0.24473
 4.76431 -0.20416
 4.79934 -0.15681
 4.83185 -0.10491
 4.86293 -0.05133
 4.89288  0.00046
 4.92150  0.04661
 4.94791  0.08324
 4.96995  0.10685
 4.98328  0.11621
 4.98520  0.11700
 4.98655  0.11651
 4.99885  0.10872
 5.02044  0.08754
 5.04669  0.05437
 5.07531  0.01271
 5.10542 -0.03370
 5.13684 -0.08138
 5.16990 -0.12729
 5.20572 -0.16897
 5.24665 -0.20424
 5.29610 -0.22929
 5.35331 -0.23668
 5.40806 -0.22325
 5.45367 -0.19595
 5.49216 -0.16120
 5.52662 -0.12207
 5.55877 -0.08085
 5.58930 -0.04013
 5.61824 -0.00281
 5.64512  0.02824
 5.66871  0.05054
 5.68690  0.06287
 5.69804  0.06704
 5.70524  0.06731
 5.71608  0.06412
 5.73392  0.05382
 5.75730  0.03483
 5.78416  0.00838
 5.81330 -0.02317
 5.84422 -0.05726
 5.87700 -0.09147
 5.91222 -0.12362
 5.95101 -0.15163
 5.99488 -0.17292
 6.04315 -0.18371
 6.09236 -0.18173
 6.13805 -0.16844
 6.17870 -0.14766
 6.21516 -0.12264
 6.24862 -0.09573
 6.27983 -0.06888
 6.30905 -0.04397
 6.33613 -0.02272
 6.36060 -0.00646
 6.38189  0.00427
 6.39994  0.00997
 6.41610  0.01180
 6.43257  0.01033
 6.45213  0.00500
 6.47517 -0.00473
 6.50126 -0.01862
 6.52986 -0.03570
 6.56064 -0.05460
 6.59346 -0.07381
 6.62839 -0.09182
 6.66547 -0.10714
 6.70446 -0.11839
 6.74460 -0.12449
 6.78467 -0.12512
 6.82349 -0.12084
 6.86059 -0.11272
 6.89509 -0.10237
 6.92741 -0.09115
 6.95776 -0.08019
 6.98632 -0.07034
 7.01332 -0.06220
 7.01332 -0.10482
 7.17344 -0.09016
 7.46408 -0.06160
 7.69552 -0.03704
 7.86368 -0.01744
 7.96576 -0.00456
 8.00000  0.00000
